# Energy(keV)    dEe/dx(keV/micro_m)  dEn/dx(keV/micro_m)  x(micro_m)
9.999990000000000268e-03 1.209999999999999964e+00 2.364999999999999858e+01 5.000000000000000104e-04
1.099989999999999996e-02 1.270000000000000018e+00 2.505999999999999872e+01 6.000000000000000559e-04
1.199990000000000084e-02 1.326000000000000068e+00 2.639999999999999858e+01 6.000000000000000559e-04
1.299990000000000000e-02 1.379999999999999893e+00 2.769999999999999929e+01 6.000000000000000559e-04
1.399990000000000089e-02 1.431999999999999940e+00 2.896000000000000085e+01 6.000000000000000559e-04
1.499990000000000004e-02 1.483000000000000096e+00 3.017000000000000171e+01 6.000000000000000559e-04
1.599990000000000093e-02 1.530999999999999917e+00 3.135000000000000142e+01 6.000000000000000559e-04
1.699990000000000182e-02 1.578000000000000069e+00 3.249000000000000199e+01 6.999999999999999929e-04
1.799989999999999923e-02 1.624000000000000110e+00 3.360000000000000142e+01 6.999999999999999929e-04
1.999990000000000101e-02 1.711999999999999966e+00 3.574000000000000199e+01 6.999999999999999929e-04
2.249989999999999976e-02 1.816000000000000059e+00 3.827000000000000313e+01 6.999999999999999929e-04
2.499990000000000198e-02 1.913999999999999924e+00 4.067000000000000171e+01 8.000000000000000383e-04
2.749990000000000073e-02 2.007000000000000117e+00 4.295000000000000284e+01 8.000000000000000383e-04
2.999989999999999948e-02 2.096999999999999975e+00 4.513000000000000256e+01 8.000000000000000383e-04
3.249989999999999823e-02 2.181999999999999940e+00 4.721000000000000085e+01 9.000000000000000838e-04
3.499990000000000046e-02 2.265000000000000124e+00 4.921999999999999886e+01 9.000000000000000838e-04
3.749989999999999574e-02 2.343999999999999861e+00 5.115999999999999659e+01 9.000000000000000838e-04
3.999989999999999796e-02 2.420999999999999819e+00 5.303000000000000114e+01 9.000000000000000838e-04
4.499989999999999546e-02 2.568000000000000060e+00 5.659000000000000341e+01 1.000000000000000021e-03
4.999989999999999990e-02 2.706999999999999851e+00 5.995000000000000284e+01 1.000000000000000021e-03
5.499989999999999740e-02 2.838999999999999968e+00 6.313000000000000256e+01 1.100000000000000066e-03
5.999989999999999490e-02 2.964999999999999858e+00 6.615999999999999659e+01 1.100000000000000066e-03
6.499989999999999934e-02 3.085999999999999854e+00 6.904999999999999716e+01 1.100000000000000066e-03
6.999990000000000379e-02 3.202999999999999847e+00 7.181999999999999318e+01 1.200000000000000112e-03
7.999989999999999879e-02 3.423999999999999932e+00 7.703000000000000114e+01 1.200000000000000112e-03
8.999989999999999379e-02 3.632000000000000117e+00 8.187999999999999545e+01 1.300000000000000157e-03
9.999990000000000268e-02 3.827999999999999847e+00 8.643000000000000682e+01 1.399999999999999986e-03
1.100000000000000006e-01 4.014999999999999680e+00 9.070999999999999375e+01 1.399999999999999986e-03
1.199999999999999956e-01 4.192999999999999616e+00 9.476999999999999602e+01 1.500000000000000031e-03
1.300000000000000044e-01 4.365000000000000213e+00 9.862000000000000455e+01 1.500000000000000031e-03
1.399989999999999846e-01 4.528999999999999915e+00 1.022999999999999972e+02 1.600000000000000077e-03
1.499989999999999934e-01 4.687999999999999723e+00 1.057999999999999972e+02 1.600000000000000077e-03
1.599990000000000023e-01 4.841999999999999638e+00 1.092000000000000028e+02 1.700000000000000122e-03
1.699990000000000112e-01 4.990999999999999659e+00 1.124000000000000057e+02 1.700000000000000122e-03
1.799989999999999923e-01 5.136000000000000121e+00 1.155000000000000000e+02 1.800000000000000168e-03
1.999990000000000101e-01 5.413999999999999702e+00 1.214000000000000057e+02 1.899999999999999996e-03
2.249990000000000046e-01 5.741999999999999993e+00 1.281999999999999886e+02 2.000000000000000042e-03
2.499989999999999990e-01 6.052999999999999936e+00 1.345999999999999943e+02 2.100000000000000304e-03
2.749990000000000490e-01 6.347999999999999865e+00 1.405000000000000000e+02 2.200000000000000133e-03
2.999990000000000157e-01 6.629999999999999893e+00 1.460999999999999943e+02 2.299999999999999961e-03
3.249990000000000379e-01 6.900999999999999801e+00 1.513000000000000114e+02 2.400000000000000223e-03
3.499990000000000046e-01 7.161999999999999922e+00 1.561999999999999886e+02 2.500000000000000052e-03
3.749990000000000268e-01 7.413000000000000256e+00 1.609000000000000057e+02 2.600000000000000314e-03
3.999990000000000490e-01 7.655999999999999694e+00 1.654000000000000057e+02 2.700000000000000143e-03
4.499990000000000379e-01 8.121000000000000441e+00 1.738000000000000114e+02 2.799999999999999972e-03
4.999990000000000268e-01 8.560000000000000497e+00 1.814000000000000057e+02 3.000000000000000062e-03
5.499990000000000157e-01 8.977999999999999758e+00 1.885000000000000000e+02 3.100000000000000325e-03
5.999990000000000601e-01 9.377000000000000668e+00 1.950999999999999943e+02 3.299999999999999982e-03
6.499989999999999934e-01 9.759999999999999787e+00 2.011999999999999886e+02 3.400000000000000244e-03
6.999990000000000379e-01 1.013000000000000078e+01 2.070000000000000000e+02 3.600000000000000335e-03
7.999990000000000157e-01 1.083000000000000007e+01 2.175999999999999943e+02 3.900000000000000255e-03
8.999989999999999934e-01 1.148000000000000043e+01 2.270999999999999943e+02 4.100000000000000346e-03
9.999990000000000823e-01 1.210999999999999943e+01 2.356999999999999886e+02 4.400000000000000265e-03
1.100000000000000089e+00 1.269999999999999929e+01 2.435999999999999943e+02 4.599999999999999922e-03
1.199999999999999956e+00 1.325999999999999979e+01 2.509000000000000057e+02 4.899999999999999842e-03
1.300000000000000044e+00 1.380000000000000071e+01 2.576000000000000227e+02 5.100000000000000366e-03
1.399999999999999911e+00 1.432000000000000028e+01 2.638000000000000114e+02 5.300000000000000024e-03
1.500000000000000000e+00 1.483000000000000007e+01 2.696000000000000227e+02 5.599999999999999943e-03
1.600000000000000089e+00 1.531000000000000050e+01 2.751000000000000227e+02 5.800000000000000468e-03
1.699999999999999956e+00 1.577999999999999936e+01 2.801999999999999886e+02 6.000000000000000125e-03
1.800000000000000044e+00 1.623999999999999844e+01 2.850000000000000000e+02 6.200000000000000649e-03
2.000000000000000000e+00 1.712000000000000099e+01 2.938999999999999773e+02 6.700000000000000226e-03
2.250000000000000000e+00 1.816000000000000014e+01 3.038000000000000114e+02 7.200000000000000670e-03
2.500000000000000000e+00 1.914000000000000057e+01 3.125000000000000000e+02 7.700000000000000247e-03
2.750000000000000000e+00 2.007999999999999829e+01 3.203000000000000114e+02 8.200000000000000691e-03
3.000000000000000000e+00 2.096999999999999886e+01 3.273999999999999773e+02 8.600000000000000006e-03
3.250000000000000000e+00 2.182000000000000028e+01 3.338000000000000114e+02 9.100000000000000450e-03
3.500000000000000000e+00 2.264999999999999858e+01 3.396000000000000227e+02 9.600000000000000894e-03
3.750000000000000000e+00 2.344000000000000128e+01 3.448999999999999773e+02 1.000000000000000021e-02
4.000000000000000000e+00 2.421000000000000085e+01 3.498000000000000114e+02 1.050000000000000065e-02
4.500000000000000000e+00 2.567999999999999972e+01 3.585000000000000000e+02 1.140000000000000041e-02
5.000000000000000000e+00 2.707000000000000028e+01 3.660000000000000000e+02 1.230000000000000017e-02
5.500000000000000000e+00 2.839000000000000057e+01 3.725000000000000000e+02 1.310000000000000053e-02
6.000000000000000000e+00 2.966000000000000014e+01 3.781999999999999886e+02 1.400000000000000029e-02
6.500000000000000000e+00 3.087000000000000099e+01 3.831999999999999886e+02 1.480000000000000066e-02
7.000000000000000000e+00 3.203000000000000114e+01 3.876000000000000227e+02 1.570000000000000215e-02
8.000000000000000000e+00 3.424000000000000199e+01 3.950000000000000000e+02 1.729999999999999941e-02
9.000000000000000000e+00 3.632000000000000028e+01 4.008999999999999773e+02 1.890000000000000013e-02
1.000000000000000000e+01 3.828999999999999915e+01 4.056000000000000227e+02 2.060000000000000026e-02
1.100000000000000000e+01 4.015999999999999659e+01 4.093999999999999773e+02 2.210000000000000159e-02
1.200000000000000000e+01 4.193999999999999773e+01 4.123999999999999773e+02 2.370000000000000231e-02
1.300000000000000000e+01 4.365999999999999659e+01 4.148000000000000114e+02 2.529999999999999957e-02
1.400000000000000000e+01 4.529999999999999716e+01 4.166999999999999886e+02 2.690000000000000030e-02
1.500000000000000000e+01 4.689000000000000057e+01 4.181999999999999886e+02 2.840000000000000163e-02
1.600000000000000000e+01 4.842999999999999972e+01 4.193000000000000114e+02 3.000000000000000236e-02
1.700000000000000000e+01 4.992000000000000171e+01 4.200000000000000000e+02 3.160000000000000309e-02
1.800000000000000000e+01 5.136999999999999744e+01 4.205000000000000000e+02 3.310000000000000442e-02
2.000000000000000000e+01 5.414999999999999858e+01 4.208999999999999773e+02 3.620000000000000301e-02
2.250000000000000000e+01 5.743999999999999773e+01 4.203999999999999773e+02 4.010000000000000370e-02
2.500000000000000000e+01 6.054999999999999716e+01 4.191000000000000227e+02 4.400000000000000439e-02
2.750000000000000000e+01 6.350000000000000000e+01 4.171999999999999886e+02 4.800000000000000100e-02
3.000000000000000000e+01 6.632999999999999829e+01 4.148999999999999773e+02 5.190000000000000169e-02
3.250000000000000000e+01 6.904000000000000625e+01 4.123999999999999773e+02 5.580000000000000238e-02
3.500000000000000000e+01 7.164000000000000057e+01 4.095000000000000000e+02 5.980000000000000593e-02
3.750000000000000000e+01 7.415999999999999659e+01 4.065000000000000000e+02 6.380000000000000948e-02
4.000000000000000000e+01 7.659000000000000341e+01 4.033999999999999773e+02 6.779999999999999916e-02
4.500000000000000000e+01 8.123999999999999488e+01 3.970000000000000000e+02 7.580000000000000626e-02
5.000000000000000000e+01 8.564000000000000057e+01 3.905000000000000000e+02 8.400000000000000522e-02
5.500000000000000000e+01 8.981999999999999318e+01 3.838999999999999773e+02 9.220000000000000417e-02
6.000000000000000000e+01 9.381999999999999318e+01 3.773999999999999773e+02 1.005000000000000060e-01
6.500000000000000000e+01 9.765000000000000568e+01 3.711000000000000227e+02 1.089000000000000107e-01
7.000000000000000000e+01 1.015000000000000000e+02 3.648000000000000114e+02 1.174000000000000044e-01
8.000000000000000000e+01 1.245000000000000000e+02 3.528999999999999773e+02 1.343000000000000027e-01
9.000000000000000000e+01 1.356999999999999886e+02 3.416999999999999886e+02 1.511000000000000121e-01
1.000000000000000000e+02 1.406999999999999886e+02 3.311999999999999886e+02 1.682000000000000162e-01
1.100000000000000000e+02 1.425999999999999943e+02 3.213999999999999773e+02 1.856000000000000150e-01
1.200000000000000000e+02 1.434000000000000057e+02 3.121999999999999886e+02 2.033999999999999975e-01
1.300000000000000000e+02 1.436999999999999886e+02 3.036000000000000227e+02 2.217000000000000082e-01
1.400000000000000000e+02 1.441999999999999886e+02 2.955000000000000000e+02 2.404000000000000026e-01
1.500000000000000000e+02 1.449000000000000057e+02 2.878999999999999773e+02 2.594000000000000195e-01
1.600000000000000000e+02 1.460000000000000000e+02 2.806999999999999886e+02 2.789000000000000368e-01
1.700000000000000000e+02 1.475000000000000000e+02 2.740000000000000000e+02 2.986000000000000321e-01
1.800000000000000000e+02 1.493000000000000114e+02 2.676000000000000227e+02 3.187000000000000388e-01
2.000000000000000000e+02 1.538000000000000114e+02 2.558000000000000114e+02 3.595000000000000417e-01
2.250000000000000000e+02 1.609000000000000057e+02 2.426999999999999886e+02 4.117000000000000104e-01
2.500000000000000000e+02 1.691999999999999886e+02 2.310999999999999943e+02 4.647000000000000020e-01
2.750000000000000000e+02 1.784000000000000057e+02 2.206999999999999886e+02 5.181999999999999940e-01
3.000000000000000000e+02 1.884000000000000057e+02 2.114000000000000057e+02 5.720000000000000639e-01
3.250000000000000000e+02 1.988000000000000114e+02 2.030000000000000000e+02 6.258000000000000229e-01
3.500000000000000000e+02 2.096999999999999886e+02 1.953000000000000114e+02 6.794999999999999929e-01
3.750000000000000000e+02 2.209000000000000057e+02 1.883000000000000114e+02 7.328999999999999959e-01
4.000000000000000000e+02 2.321999999999999886e+02 1.818000000000000114e+02 7.859000000000000430e-01
4.500000000000000000e+02 2.553000000000000114e+02 1.703000000000000114e+02 8.903000000000000913e-01
5.000000000000000000e+02 2.786000000000000227e+02 1.604000000000000057e+02 9.923000000000000709e-01
5.500000000000000000e+02 3.016000000000000227e+02 1.518000000000000114e+02 1.090000000000000080e+00
6.000000000000000000e+02 3.241999999999999886e+02 1.440999999999999943e+02 1.189999999999999947e+00
6.500000000000000000e+02 3.461999999999999886e+02 1.373000000000000114e+02 1.280000000000000027e+00
7.000000000000000000e+02 3.675000000000000000e+02 1.313000000000000114e+02 1.370000000000000107e+00
8.000000000000000000e+02 4.076999999999999886e+02 1.207999999999999972e+02 1.550000000000000044e+00
9.000000000000000000e+02 4.448999999999999773e+02 1.120000000000000000e+02 1.719999999999999973e+00
1.000000000000000000e+03 4.793999999999999773e+02 1.045999999999999943e+02 1.879999999999999893e+00
1.100000000000000000e+03 5.118999999999999773e+02 9.826000000000000512e+01 2.040000000000000036e+00
1.200000000000000000e+03 5.430000000000000000e+02 9.271999999999999886e+01 2.189999999999999947e+00
1.300000000000000000e+03 5.733999999999999773e+02 8.784999999999999432e+01 2.330000000000000071e+00
1.400000000000000000e+03 6.033999999999999773e+02 8.351999999999999602e+01 2.470000000000000195e+00
1.500000000000000000e+03 6.333999999999999773e+02 7.965000000000000568e+01 2.609999999999999876e+00
1.600000000000000000e+03 6.635000000000000000e+02 7.615999999999999659e+01 2.740000000000000213e+00
1.700000000000000000e+03 6.937999999999999545e+02 7.301000000000000512e+01 2.859999999999999876e+00
1.800000000000000000e+03 7.243999999999999773e+02 7.012999999999999545e+01 2.979999999999999982e+00
2.000000000000000000e+03 7.861000000000000227e+02 6.507999999999999829e+01 3.220000000000000195e+00
2.250000000000000000e+03 8.640000000000000000e+02 5.981000000000000227e+01 3.490000000000000213e+00
2.500000000000000000e+03 9.422000000000000455e+02 5.540999999999999659e+01 3.740000000000000213e+00
2.750000000000000000e+03 1.020000000000000000e+03 5.167000000000000171e+01 3.970000000000000195e+00
3.000000000000000000e+03 1.097000000000000000e+03 4.846000000000000085e+01 4.190000000000000391e+00
3.250000000000000000e+03 1.173000000000000000e+03 4.565999999999999659e+01 4.400000000000000355e+00
3.500000000000000000e+03 1.247000000000000000e+03 4.320000000000000284e+01 4.589999999999999858e+00
3.750000000000000000e+03 1.320000000000000000e+03 4.100999999999999801e+01 4.780000000000000249e+00
4.000000000000000000e+03 1.390000000000000000e+03 3.906000000000000227e+01 4.950000000000000178e+00
4.500000000000000000e+03 1.526000000000000000e+03 3.571000000000000085e+01 5.280000000000000249e+00
5.000000000000000000e+03 1.654000000000000000e+03 3.293999999999999773e+01 5.580000000000000071e+00
5.500000000000000000e+03 1.774000000000000000e+03 3.060000000000000142e+01 5.870000000000000107e+00
6.000000000000000000e+03 1.887000000000000000e+03 2.860000000000000142e+01 6.129999999999999893e+00
6.500000000000000000e+03 1.993000000000000000e+03 2.687000000000000099e+01 6.379999999999999893e+00
7.000000000000000000e+03 2.093000000000000000e+03 2.535999999999999943e+01 6.620000000000000107e+00
8.000000000000000000e+03 2.277000000000000000e+03 2.282000000000000028e+01 7.070000000000000284e+00
9.000000000000000000e+03 2.444000000000000000e+03 2.078000000000000114e+01 7.490000000000000213e+00
1.000000000000000000e+04 2.595000000000000000e+03 1.910999999999999943e+01 7.879999999999999893e+00
