# Energy(keV)    dEe/dx(keV/micro_m)  dEn/dx(keV/micro_m)  x(micro_m)
9.999990000000000268e-03 2.763999999999999790e+00 5.102000000000000313e+01 3.000000000000000279e-04
1.099989999999999996e-02 2.899000000000000021e+00 5.417000000000000171e+01 3.000000000000000279e-04
1.199990000000000084e-02 3.028000000000000025e+00 5.718999999999999773e+01 3.000000000000000279e-04
1.299990000000000000e-02 3.150999999999999801e+00 6.011999999999999744e+01 3.000000000000000279e-04
1.399990000000000089e-02 3.270000000000000018e+00 6.293999999999999773e+01 4.000000000000000192e-04
1.499990000000000004e-02 3.384999999999999787e+00 6.568999999999999773e+01 4.000000000000000192e-04
1.599990000000000093e-02 3.495999999999999996e+00 6.834999999999999432e+01 4.000000000000000192e-04
1.699990000000000182e-02 3.604000000000000092e+00 7.093999999999999773e+01 4.000000000000000192e-04
1.799989999999999923e-02 3.708000000000000185e+00 7.346999999999999886e+01 4.000000000000000192e-04
1.999990000000000101e-02 3.908999999999999808e+00 7.834000000000000341e+01 4.000000000000000192e-04
2.249989999999999976e-02 4.145999999999999908e+00 8.412999999999999545e+01 4.000000000000000192e-04
2.499990000000000198e-02 4.370000000000000107e+00 8.962999999999999545e+01 4.000000000000000192e-04
2.749990000000000073e-02 4.583000000000000185e+00 9.489000000000000057e+01 5.000000000000000104e-04
2.999989999999999948e-02 4.786999999999999922e+00 9.993999999999999773e+01 5.000000000000000104e-04
3.249989999999999823e-02 4.982999999999999652e+00 1.047999999999999972e+02 5.000000000000000104e-04
3.499990000000000046e-02 5.171000000000000263e+00 1.095000000000000000e+02 5.000000000000000104e-04
3.749989999999999574e-02 5.352000000000000313e+00 1.140000000000000000e+02 5.000000000000000104e-04
3.999989999999999796e-02 5.527999999999999581e+00 1.184000000000000057e+02 5.000000000000000104e-04
4.499989999999999546e-02 5.863000000000000433e+00 1.267000000000000028e+02 6.000000000000000559e-04
4.999989999999999990e-02 6.179999999999999716e+00 1.346999999999999886e+02 6.000000000000000559e-04
5.499989999999999740e-02 6.482000000000000206e+00 1.421999999999999886e+02 6.000000000000000559e-04
5.999989999999999490e-02 6.769999999999999574e+00 1.494000000000000057e+02 6.000000000000000559e-04
6.499989999999999934e-02 7.046000000000000263e+00 1.564000000000000057e+02 6.999999999999999929e-04
6.999990000000000379e-02 7.312000000000000277e+00 1.630000000000000000e+02 6.999999999999999929e-04
7.999989999999999879e-02 7.817000000000000171e+00 1.755999999999999943e+02 6.999999999999999929e-04
8.999989999999999379e-02 8.291000000000000369e+00 1.874000000000000057e+02 6.999999999999999929e-04
9.999990000000000268e-02 8.740000000000000213e+00 1.985000000000000000e+02 8.000000000000000383e-04
1.100000000000000006e-01 9.166999999999999815e+00 2.090000000000000000e+02 8.000000000000000383e-04
1.199999999999999956e-01 9.573999999999999844e+00 2.190000000000000000e+02 8.000000000000000383e-04
1.300000000000000044e-01 9.964999999999999858e+00 2.285999999999999943e+02 9.000000000000000838e-04
1.399989999999999846e-01 1.033999999999999986e+01 2.378000000000000114e+02 9.000000000000000838e-04
1.499989999999999934e-01 1.069999999999999929e+01 2.465999999999999943e+02 9.000000000000000838e-04
1.599990000000000023e-01 1.106000000000000050e+01 2.550000000000000000e+02 1.000000000000000021e-03
1.699990000000000112e-01 1.140000000000000036e+01 2.631999999999999886e+02 1.000000000000000021e-03
1.799989999999999923e-01 1.173000000000000043e+01 2.711000000000000227e+02 1.000000000000000021e-03
1.999990000000000101e-01 1.235999999999999943e+01 2.861000000000000227e+02 1.000000000000000021e-03
2.249990000000000046e-01 1.310999999999999943e+01 3.036999999999999886e+02 1.100000000000000066e-03
2.499989999999999990e-01 1.382000000000000028e+01 3.201000000000000227e+02 1.200000000000000112e-03
2.749990000000000490e-01 1.449000000000000021e+01 3.356000000000000227e+02 1.200000000000000112e-03
2.999990000000000157e-01 1.514000000000000057e+01 3.501999999999999886e+02 1.300000000000000157e-03
3.249990000000000379e-01 1.575999999999999979e+01 3.640000000000000000e+02 1.300000000000000157e-03
3.499990000000000046e-01 1.635000000000000142e+01 3.771999999999999886e+02 1.300000000000000157e-03
3.749990000000000268e-01 1.692000000000000171e+01 3.896999999999999886e+02 1.399999999999999986e-03
3.999990000000000490e-01 1.748000000000000043e+01 4.016999999999999886e+02 1.399999999999999986e-03
4.499990000000000379e-01 1.853999999999999915e+01 4.243999999999999773e+02 1.500000000000000031e-03
4.999990000000000268e-01 1.953999999999999915e+01 4.453000000000000114e+02 1.600000000000000077e-03
5.499990000000000157e-01 2.050000000000000000e+01 4.648999999999999773e+02 1.700000000000000122e-03
5.999990000000000601e-01 2.141000000000000014e+01 4.831999999999999886e+02 1.700000000000000122e-03
6.499989999999999934e-01 2.228000000000000114e+01 5.005000000000000000e+02 1.800000000000000168e-03
6.999990000000000379e-01 2.312000000000000099e+01 5.168999999999999773e+02 1.899999999999999996e-03
7.999990000000000157e-01 2.471999999999999886e+01 5.471000000000000227e+02 2.000000000000000042e-03
8.999989999999999934e-01 2.621999999999999886e+01 5.747000000000000455e+02 2.100000000000000304e-03
9.999990000000000823e-01 2.764000000000000057e+01 6.000000000000000000e+02 2.200000000000000133e-03
1.100000000000000089e+00 2.898999999999999844e+01 6.233999999999999773e+02 2.400000000000000223e-03
1.199999999999999956e+00 3.028000000000000114e+01 6.451000000000000227e+02 2.500000000000000052e-03
1.300000000000000044e+00 3.151000000000000156e+01 6.653999999999999773e+02 2.600000000000000314e-03
1.399999999999999911e+00 3.270000000000000284e+01 6.845000000000000000e+02 2.700000000000000143e-03
1.500000000000000000e+00 3.385000000000000142e+01 7.023999999999999773e+02 2.799999999999999972e-03
1.600000000000000089e+00 3.496000000000000085e+01 7.193999999999999773e+02 2.900000000000000234e-03
1.699999999999999956e+00 3.603999999999999915e+01 7.355000000000000000e+02 3.000000000000000062e-03
1.800000000000000044e+00 3.707999999999999829e+01 7.507000000000000455e+02 3.100000000000000325e-03
2.000000000000000000e+00 3.909000000000000341e+01 7.792000000000000455e+02 3.299999999999999982e-03
2.250000000000000000e+00 4.146000000000000085e+01 8.112999999999999545e+02 3.500000000000000073e-03
2.500000000000000000e+00 4.370000000000000284e+01 8.402999999999999545e+02 3.700000000000000164e-03
2.750000000000000000e+00 4.582999999999999829e+01 8.667000000000000455e+02 3.900000000000000255e-03
3.000000000000000000e+00 4.786999999999999744e+01 8.907999999999999545e+02 4.100000000000000346e-03
3.250000000000000000e+00 4.982999999999999829e+01 9.131000000000000227e+02 4.300000000000000003e-03
3.500000000000000000e+00 5.171000000000000085e+01 9.337000000000000455e+02 4.500000000000000527e-03
3.750000000000000000e+00 5.352000000000000313e+01 9.528999999999999773e+02 4.700000000000000185e-03
4.000000000000000000e+00 5.528000000000000114e+01 9.707000000000000455e+02 4.899999999999999842e-03
4.500000000000000000e+00 5.863000000000000256e+01 1.003000000000000000e+03 5.200000000000000629e-03
5.000000000000000000e+00 6.179999999999999716e+01 1.032000000000000000e+03 5.599999999999999943e-03
5.500000000000000000e+00 6.481999999999999318e+01 1.058000000000000000e+03 5.899999999999999863e-03
6.000000000000000000e+00 6.770000000000000284e+01 1.081000000000000000e+03 6.300000000000000044e-03
6.500000000000000000e+00 7.045999999999999375e+01 1.102000000000000000e+03 6.599999999999999964e-03
7.000000000000000000e+00 7.312000000000000455e+01 1.121000000000000000e+03 6.900000000000000751e-03
8.000000000000000000e+00 7.817000000000000171e+01 1.154000000000000000e+03 7.599999999999999985e-03
9.000000000000000000e+00 8.292000000000000171e+01 1.183000000000000000e+03 8.200000000000000691e-03
1.000000000000000000e+01 8.740000000000000568e+01 1.207000000000000000e+03 8.800000000000000530e-03
1.100000000000000000e+01 9.167000000000000171e+01 1.229000000000000000e+03 9.400000000000000369e-03
1.200000000000000000e+01 9.573999999999999488e+01 1.247000000000000000e+03 1.000000000000000021e-02
1.300000000000000000e+01 9.965000000000000568e+01 1.264000000000000000e+03 1.060000000000000005e-02
1.400000000000000000e+01 1.034000000000000057e+02 1.278000000000000000e+03 1.119999999999999989e-02
1.500000000000000000e+01 1.070000000000000000e+02 1.291000000000000000e+03 1.179999999999999973e-02
1.600000000000000000e+01 1.105999999999999943e+02 1.302000000000000000e+03 1.240000000000000130e-02
1.700000000000000000e+01 1.140000000000000000e+02 1.312000000000000000e+03 1.290000000000000001e-02
1.800000000000000000e+01 1.172999999999999972e+02 1.321000000000000000e+03 1.349999999999999985e-02
2.000000000000000000e+01 1.235999999999999943e+02 1.336000000000000000e+03 1.460000000000000013e-02
2.250000000000000000e+01 1.310999999999999943e+02 1.351000000000000000e+03 1.600000000000000033e-02
2.500000000000000000e+01 1.381999999999999886e+02 1.362000000000000000e+03 1.729999999999999941e-02
2.750000000000000000e+01 1.449000000000000057e+02 1.371000000000000000e+03 1.870000000000000134e-02
3.000000000000000000e+01 1.514000000000000057e+02 1.377000000000000000e+03 2.000000000000000042e-02
3.250000000000000000e+01 1.575999999999999943e+02 1.381000000000000000e+03 2.140000000000000235e-02
3.500000000000000000e+01 1.635000000000000000e+02 1.383000000000000000e+03 2.270000000000000143e-02
3.750000000000000000e+01 1.693000000000000114e+02 1.384000000000000000e+03 2.409999999999999989e-02
4.000000000000000000e+01 1.748000000000000114e+02 1.385000000000000000e+03 2.540000000000000244e-02
4.500000000000000000e+01 1.854000000000000057e+02 1.382000000000000000e+03 2.809999999999999998e-02
5.000000000000000000e+01 1.954000000000000057e+02 1.378000000000000000e+03 3.070000000000000159e-02
5.500000000000000000e+01 2.050000000000000000e+02 1.371000000000000000e+03 3.339999999999999913e-02
6.000000000000000000e+01 2.140999999999999943e+02 1.363000000000000000e+03 3.610000000000000014e-02
6.500000000000000000e+01 2.228000000000000114e+02 1.354000000000000000e+03 3.870000000000000523e-02
7.000000000000000000e+01 2.311999999999999886e+02 1.345000000000000000e+03 4.139999999999999930e-02
8.000000000000000000e+01 2.471999999999999886e+02 1.324000000000000000e+03 4.680000000000000132e-02
9.000000000000000000e+01 2.621999999999999886e+02 1.303000000000000000e+03 5.229999999999999927e-02
1.000000000000000000e+02 2.763999999999999773e+02 1.281000000000000000e+03 5.780000000000000415e-02
1.100000000000000000e+02 2.898999999999999773e+02 1.259000000000000000e+03 6.330000000000000904e-02
1.200000000000000000e+02 3.216000000000000227e+02 1.237000000000000000e+03 6.890000000000000291e-02
1.300000000000000000e+02 3.488000000000000114e+02 1.216000000000000000e+03 7.440000000000000779e-02
1.400000000000000000e+02 3.691000000000000227e+02 1.195000000000000000e+03 8.000000000000000167e-02
1.500000000000000000e+02 3.843999999999999773e+02 1.175000000000000000e+03 8.560000000000000941e-02
1.600000000000000000e+02 3.961999999999999886e+02 1.155000000000000000e+03 9.120000000000000329e-02
1.700000000000000000e+02 4.056999999999999886e+02 1.136000000000000000e+03 9.690000000000000002e-02
1.800000000000000000e+02 4.136999999999999886e+02 1.118000000000000000e+03 1.026000000000000106e-01
2.000000000000000000e+02 4.266999999999999886e+02 1.083000000000000000e+03 1.142000000000000098e-01
2.250000000000000000e+02 4.403000000000000114e+02 1.043000000000000000e+03 1.290000000000000036e-01
2.500000000000000000e+02 4.530000000000000000e+02 1.005000000000000000e+03 1.441000000000000059e-01
2.750000000000000000e+02 4.658999999999999773e+02 9.712000000000000455e+02 1.595000000000000029e-01
3.000000000000000000e+02 4.793000000000000114e+02 9.395000000000000000e+02 1.751000000000000056e-01
3.250000000000000000e+02 4.933999999999999773e+02 9.102000000000000455e+02 1.910000000000000031e-01
3.500000000000000000e+02 5.081000000000000227e+02 8.828999999999999773e+02 2.071000000000000063e-01
3.750000000000000000e+02 5.236000000000000227e+02 8.575000000000000000e+02 2.234000000000000152e-01
4.000000000000000000e+02 5.396000000000000227e+02 8.337000000000000455e+02 2.398000000000000131e-01
4.500000000000000000e+02 5.727999999999999545e+02 7.906000000000000227e+02 2.729000000000000314e-01
5.000000000000000000e+02 6.072999999999999545e+02 7.525000000000000000e+02 3.064000000000000057e-01
5.500000000000000000e+02 6.425000000000000000e+02 7.183999999999999773e+02 3.399000000000000354e-01
6.000000000000000000e+02 6.781000000000000227e+02 6.877999999999999545e+02 3.734999999999999987e-01
6.500000000000000000e+02 7.137999999999999545e+02 6.601000000000000227e+02 4.070000000000000284e-01
7.000000000000000000e+02 7.493999999999999773e+02 6.350000000000000000e+02 4.403000000000000247e-01
8.000000000000000000e+02 8.202000000000000455e+02 5.907999999999999545e+02 5.064000000000000723e-01
9.000000000000000000e+02 8.900000000000000000e+02 5.532999999999999545e+02 5.714000000000000190e-01
1.000000000000000000e+03 9.587000000000000455e+02 5.208999999999999773e+02 6.351999999999999869e-01
1.100000000000000000e+03 1.026000000000000000e+03 4.926000000000000227e+02 6.975000000000000089e-01
1.200000000000000000e+03 1.093000000000000000e+03 4.676999999999999886e+02 7.584000000000000741e-01
1.300000000000000000e+03 1.159000000000000000e+03 4.456000000000000227e+02 8.179000000000000714e-01
1.400000000000000000e+03 1.224000000000000000e+03 4.256999999999999886e+02 8.758000000000000229e-01
1.500000000000000000e+03 1.288000000000000000e+03 4.078000000000000114e+02 9.324000000000000066e-01
1.600000000000000000e+03 1.352000000000000000e+03 3.915000000000000000e+02 9.875000000000000444e-01
1.700000000000000000e+03 1.416000000000000000e+03 3.766999999999999886e+02 1.040000000000000036e+00
1.800000000000000000e+03 1.479000000000000000e+03 3.631000000000000227e+02 1.090000000000000080e+00
2.000000000000000000e+03 1.604000000000000000e+03 3.390000000000000000e+02 1.189999999999999947e+00
2.250000000000000000e+03 1.759000000000000000e+03 3.136000000000000227e+02 1.310000000000000053e+00
2.500000000000000000e+03 1.912000000000000000e+03 2.921000000000000227e+02 1.429999999999999938e+00
2.750000000000000000e+03 2.064000000000000000e+03 2.738000000000000114e+02 1.530000000000000027e+00
3.000000000000000000e+03 2.215000000000000000e+03 2.578000000000000114e+02 1.629999999999999893e+00
3.250000000000000000e+03 2.364000000000000000e+03 2.438000000000000114e+02 1.729999999999999982e+00
3.500000000000000000e+03 2.512000000000000000e+03 2.315000000000000000e+02 1.820000000000000062e+00
3.750000000000000000e+03 2.659000000000000000e+03 2.204000000000000057e+02 1.909999999999999920e+00
4.000000000000000000e+03 2.804000000000000000e+03 2.105000000000000000e+02 1.989999999999999991e+00
4.500000000000000000e+03 3.089000000000000000e+03 1.934000000000000057e+02 2.140000000000000124e+00
5.000000000000000000e+03 3.366000000000000000e+03 1.791999999999999886e+02 2.290000000000000036e+00
5.500000000000000000e+03 3.635000000000000000e+03 1.670999999999999943e+02 2.419999999999999929e+00
6.000000000000000000e+03 3.895000000000000000e+03 1.565999999999999943e+02 2.549999999999999822e+00
6.500000000000000000e+03 4.147000000000000000e+03 1.475999999999999943e+02 2.669999999999999929e+00
7.000000000000000000e+03 4.388000000000000000e+03 1.395999999999999943e+02 2.779999999999999805e+00
8.000000000000000000e+03 4.844000000000000000e+03 1.262000000000000028e+02 2.990000000000000213e+00
9.000000000000000000e+03 5.261000000000000000e+03 1.154000000000000057e+02 3.180000000000000160e+00
1.000000000000000000e+04 5.642000000000000000e+03 1.064000000000000057e+02 3.359999999999999876e+00
