# Energy(keV)    dEe/dx(keV/micro_m)  dEn/dx(keV/micro_m)  x(micro_m)
9.999990000000000268e-03 1.457999999999999963e+00 3.891000000000000014e+00 4.000000000000000192e-04
1.099989999999999996e-02 1.528999999999999915e+00 3.994000000000000217e+00 4.000000000000000192e-04
1.199990000000000084e-02 1.596999999999999975e+00 4.086999999999999744e+00 5.000000000000000104e-04
1.299990000000000000e-02 1.661999999999999922e+00 4.171999999999999709e+00 5.000000000000000104e-04
1.399990000000000089e-02 1.725000000000000089e+00 4.250000000000000000e+00 5.000000000000000104e-04
1.499990000000000004e-02 1.784999999999999920e+00 4.322000000000000064e+00 5.000000000000000104e-04
1.599990000000000093e-02 1.844000000000000083e+00 4.387999999999999901e+00 6.000000000000000559e-04
1.699990000000000182e-02 1.899999999999999911e+00 4.450000000000000178e+00 6.000000000000000559e-04
1.799989999999999923e-02 1.955999999999999961e+00 4.508000000000000007e+00 6.000000000000000559e-04
1.999990000000000101e-02 2.060999999999999943e+00 4.612000000000000099e+00 6.999999999999999929e-04
2.249989999999999976e-02 2.185999999999999943e+00 4.724000000000000199e+00 6.999999999999999929e-04
2.499990000000000198e-02 2.305000000000000160e+00 4.822000000000000064e+00 8.000000000000000383e-04
2.749990000000000073e-02 2.416999999999999815e+00 4.905999999999999694e+00 8.000000000000000383e-04
2.999989999999999948e-02 2.524999999999999911e+00 4.980999999999999872e+00 9.000000000000000838e-04
3.249989999999999823e-02 2.628000000000000114e+00 5.046999999999999709e+00 9.000000000000000838e-04
3.499990000000000046e-02 2.726999999999999869e+00 5.105000000000000426e+00 1.000000000000000021e-03
3.749989999999999574e-02 2.822999999999999954e+00 5.157000000000000028e+00 1.000000000000000021e-03
3.999989999999999796e-02 2.915000000000000036e+00 5.203999999999999737e+00 1.100000000000000066e-03
4.499989999999999546e-02 3.092000000000000082e+00 5.283000000000000362e+00 1.100000000000000066e-03
4.999989999999999990e-02 3.258999999999999897e+00 5.347999999999999865e+00 1.200000000000000112e-03
5.499989999999999740e-02 3.418000000000000149e+00 5.400999999999999801e+00 1.300000000000000157e-03
5.999989999999999490e-02 3.569999999999999840e+00 5.445000000000000284e+00 1.399999999999999986e-03
6.499989999999999934e-02 3.716000000000000192e+00 5.480999999999999872e+00 1.500000000000000031e-03
6.999990000000000379e-02 3.855999999999999872e+00 5.511000000000000121e+00 1.600000000000000077e-03
7.999989999999999879e-02 4.123000000000000220e+00 5.554999999999999716e+00 1.800000000000000168e-03
8.999989999999999379e-02 4.373000000000000220e+00 5.583999999999999631e+00 1.899999999999999996e-03
9.999990000000000268e-02 4.608999999999999986e+00 5.602000000000000313e+00 2.100000000000000304e-03
1.100000000000000006e-01 4.833999999999999631e+00 5.610999999999999766e+00 2.299999999999999961e-03
1.199999999999999956e-01 5.049000000000000377e+00 5.613999999999999879e+00 2.400000000000000223e-03
1.300000000000000044e-01 5.254999999999999893e+00 5.610999999999999766e+00 2.600000000000000314e-03
1.399989999999999846e-01 5.453999999999999737e+00 5.605000000000000426e+00 2.799999999999999972e-03
1.499989999999999934e-01 5.644999999999999574e+00 5.594999999999999751e+00 2.900000000000000234e-03
1.599990000000000023e-01 5.830000000000000071e+00 5.583000000000000185e+00 3.100000000000000325e-03
1.699990000000000112e-01 6.009999999999999787e+00 5.567999999999999616e+00 3.299999999999999982e-03
1.799989999999999923e-01 6.184000000000000163e+00 5.551999999999999602e+00 3.400000000000000244e-03
1.999990000000000101e-01 6.517999999999999794e+00 5.517000000000000348e+00 3.799999999999999992e-03
2.249990000000000046e-01 6.913999999999999702e+00 5.466999999999999638e+00 4.200000000000000608e-03
2.499989999999999990e-01 7.288000000000000256e+00 5.415000000000000036e+00 4.599999999999999922e-03
2.749990000000000490e-01 7.644000000000000128e+00 5.360999999999999766e+00 5.000000000000000104e-03
2.999990000000000157e-01 7.982999999999999652e+00 5.307000000000000384e+00 5.400000000000000286e-03
3.249990000000000379e-01 8.308999999999999275e+00 5.251999999999999780e+00 5.800000000000000468e-03
3.499990000000000046e-01 8.622999999999999332e+00 5.198000000000000398e+00 6.200000000000000649e-03
3.749990000000000268e-01 8.926000000000000156e+00 5.144999999999999574e+00 6.599999999999999964e-03
3.999990000000000490e-01 9.217999999999999972e+00 5.091999999999999638e+00 7.000000000000000146e-03
4.499990000000000379e-01 9.778000000000000469e+00 4.990000000000000213e+00 7.800000000000000509e-03
4.999990000000000268e-01 1.031000000000000050e+01 4.892000000000000348e+00 8.600000000000000006e-03
5.499990000000000157e-01 1.081000000000000050e+01 4.799000000000000377e+00 9.400000000000000369e-03
5.999990000000000601e-01 1.128999999999999915e+01 4.709999999999999964e+00 1.020000000000000073e-02
6.499989999999999934e-01 1.175000000000000000e+01 4.625000000000000000e+00 1.110000000000000049e-02
6.999990000000000379e-01 1.218999999999999950e+01 4.543000000000000149e+00 1.190000000000000085e-02
7.999990000000000157e-01 1.303999999999999915e+01 4.391000000000000014e+00 1.349999999999999985e-02
8.999989999999999934e-01 1.383000000000000007e+01 4.251999999999999780e+00 1.519999999999999997e-02
9.999990000000000823e-01 1.458000000000000007e+01 4.123999999999999666e+00 1.690000000000000183e-02
1.100000000000000089e+00 1.528999999999999915e+01 4.006000000000000227e+00 1.850000000000000255e-02
1.199999999999999956e+00 1.597000000000000064e+01 3.895999999999999908e+00 2.020000000000000268e-02
1.300000000000000044e+00 1.662000000000000099e+01 3.794000000000000039e+00 2.189999999999999933e-02
1.399999999999999911e+00 1.725000000000000000e+01 3.698999999999999844e+00 2.359999999999999945e-02
1.500000000000000000e+00 1.785000000000000142e+01 3.609999999999999876e+00 2.529999999999999957e-02
1.600000000000000089e+00 1.844000000000000128e+01 3.525999999999999801e+00 2.699999999999999969e-02
1.699999999999999956e+00 1.900000000000000000e+01 3.447000000000000064e+00 2.869999999999999982e-02
1.800000000000000044e+00 1.955999999999999872e+01 3.371999999999999886e+00 3.039999999999999994e-02
2.000000000000000000e+00 2.060999999999999943e+01 3.234999999999999876e+00 3.380000000000000365e-02
2.250000000000000000e+00 2.169000000000000128e+01 3.083000000000000185e+00 3.810000000000000192e-02
2.500000000000000000e+00 2.271000000000000085e+01 2.947000000000000064e+00 4.240000000000000019e-02
2.750000000000000000e+00 2.367000000000000171e+01 2.826000000000000068e+00 4.680000000000000132e-02
3.000000000000000000e+00 2.458999999999999986e+01 2.716000000000000192e+00 5.109999999999999959e-02
3.250000000000000000e+00 2.548000000000000043e+01 2.616999999999999993e+00 5.550000000000000072e-02
3.500000000000000000e+00 2.632999999999999829e+01 2.525999999999999801e+00 5.980000000000000593e-02
3.750000000000000000e+00 2.714000000000000057e+01 2.443000000000000060e+00 6.420000000000000706e-02
4.000000000000000000e+00 2.792999999999999972e+01 2.366000000000000103e+00 6.850000000000000533e-02
4.500000000000000000e+00 2.942999999999999972e+01 2.229000000000000092e+00 7.720000000000000473e-02
5.000000000000000000e+00 3.085000000000000142e+01 2.109999999999999876e+00 8.580000000000000127e-02
5.500000000000000000e+00 3.220000000000000284e+01 2.004999999999999893e+00 9.439999999999999780e-02
6.000000000000000000e+00 3.350000000000000000e+01 1.911999999999999922e+00 1.029000000000000054e-01
6.500000000000000000e+00 3.475999999999999801e+01 1.828999999999999959e+00 1.113999999999999990e-01
7.000000000000000000e+00 3.596999999999999886e+01 1.754000000000000004e+00 1.198000000000000037e-01
8.000000000000000000e+00 3.831000000000000227e+01 1.622999999999999998e+00 1.363999999999999935e-01
9.000000000000000000e+00 4.053999999999999915e+01 1.514000000000000012e+00 1.526000000000000134e-01
1.000000000000000000e+01 4.267000000000000171e+01 1.421000000000000041e+00 1.685999999999999999e-01
1.100000000000000000e+01 4.471000000000000085e+01 1.340000000000000080e+00 1.842000000000000026e-01
1.200000000000000000e+01 4.665999999999999659e+01 1.268999999999999906e+00 1.995999999999999996e-01
1.300000000000000000e+01 4.853999999999999915e+01 1.205999999999999961e+00 2.147000000000000020e-01
1.400000000000000000e+01 5.034000000000000341e+01 1.151000000000000023e+00 2.295000000000000095e-01
1.500000000000000000e+01 5.207000000000000028e+01 1.100000000000000089e+00 2.440000000000000224e-01
1.600000000000000000e+01 5.372999999999999687e+01 1.054999999999999938e+00 2.583000000000000296e-01
1.700000000000000000e+01 5.532999999999999829e+01 1.014000000000000012e+00 2.724000000000000310e-01
1.800000000000000000e+01 5.685999999999999943e+01 9.758000000000000007e-01 2.862999999999999989e-01
2.000000000000000000e+01 5.975000000000000000e+01 9.092000000000000082e-01 3.134000000000000119e-01
2.250000000000000000e+01 6.307000000000000028e+01 8.391999999999999460e-01 3.462999999999999967e-01
2.500000000000000000e+01 6.607999999999999829e+01 7.803999999999999826e-01 3.782000000000000361e-01
2.750000000000000000e+01 6.881999999999999318e+01 7.301999999999999602e-01 4.092999999999999972e-01
3.000000000000000000e+01 7.131999999999999318e+01 6.867999999999999661e-01 4.397000000000000353e-01
3.250000000000000000e+01 7.359000000000000341e+01 6.489000000000000323e-01 4.694000000000000394e-01
3.500000000000000000e+01 7.565999999999999659e+01 6.152999999999999581e-01 4.984999999999999987e-01
3.750000000000000000e+01 7.754999999999999716e+01 5.855000000000000204e-01 5.271000000000000130e-01
4.000000000000000000e+01 7.926000000000000512e+01 5.586999999999999744e-01 5.553000000000000158e-01
4.500000000000000000e+01 8.223000000000000398e+01 5.125999999999999446e-01 6.107000000000000206e-01
5.000000000000000000e+01 8.467000000000000171e+01 4.742000000000000104e-01 6.648000000000000576e-01
5.500000000000000000e+01 8.662999999999999545e+01 4.418000000000000260e-01 7.180000000000000826e-01
6.000000000000000000e+01 8.820000000000000284e+01 4.138999999999999901e-01 7.706000000000000627e-01
6.500000000000000000e+01 8.942000000000000171e+01 3.896000000000000019e-01 8.225999999999999979e-01
7.000000000000000000e+01 9.034000000000000341e+01 3.683000000000000163e-01 8.744000000000000661e-01
8.000000000000000000e+01 9.142000000000000171e+01 3.326000000000000068e-01 9.774000000000000465e-01
9.000000000000000000e+01 9.170999999999999375e+01 3.037000000000000255e-01 1.080000000000000071e+00
1.000000000000000000e+02 9.142000000000000171e+01 2.798999999999999821e-01 1.179999999999999938e+00
1.100000000000000000e+02 9.068999999999999773e+01 2.597999999999999754e-01 1.290000000000000036e+00
1.200000000000000000e+02 8.965000000000000568e+01 2.426999999999999991e-01 1.389999999999999902e+00
1.300000000000000000e+02 8.839000000000000057e+01 2.278000000000000025e-01 1.500000000000000000e+00
1.400000000000000000e+02 8.698999999999999488e+01 2.149000000000000077e-01 1.610000000000000098e+00
1.500000000000000000e+02 8.548999999999999488e+01 2.033999999999999975e-01 1.719999999999999973e+00
1.600000000000000000e+02 8.395000000000000284e+01 1.932000000000000106e-01 1.840000000000000080e+00
1.700000000000000000e+02 8.237999999999999545e+01 1.839999999999999969e-01 1.949999999999999956e+00
1.800000000000000000e+02 8.081000000000000227e+01 1.758000000000000118e-01 2.069999999999999840e+00
2.000000000000000000e+02 7.775000000000000000e+01 1.615000000000000047e-01 2.319999999999999840e+00
2.250000000000000000e+02 7.410999999999999943e+01 1.468000000000000138e-01 2.640000000000000124e+00
2.500000000000000000e+02 7.076000000000000512e+01 1.346999999999999864e-01 2.970000000000000195e+00
2.750000000000000000e+02 6.770000000000000284e+01 1.247000000000000053e-01 3.330000000000000071e+00
3.000000000000000000e+02 6.492000000000000171e+01 1.160999999999999949e-01 3.700000000000000178e+00
3.250000000000000000e+02 6.239999999999999858e+01 1.087000000000000050e-01 4.080000000000000071e+00
3.500000000000000000e+02 6.010000000000000142e+01 1.021999999999999992e-01 4.480000000000000426e+00
3.750000000000000000e+02 5.800999999999999801e+01 9.656000000000000694e-02 4.900000000000000355e+00
4.000000000000000000e+02 5.610999999999999943e+01 9.153000000000000025e-02 5.320000000000000284e+00
4.500000000000000000e+02 5.277000000000000313e+01 8.298999999999999433e-02 6.230000000000000426e+00
5.000000000000000000e+02 4.996000000000000085e+01 7.599999999999999811e-02 7.179999999999999716e+00
5.500000000000000000e+02 4.759000000000000341e+01 7.016999999999999627e-02 8.189999999999999503e+00
6.000000000000000000e+02 4.560000000000000142e+01 6.522999999999999632e-02 9.250000000000000000e+00
6.500000000000000000e+02 4.392999999999999972e+01 6.097000000000000336e-02 1.034999999999999964e+01
7.000000000000000000e+02 4.254999999999999716e+01 5.727999999999999758e-02 1.149000000000000021e+01
8.000000000000000000e+02 4.054999999999999716e+01 5.115000000000000102e-02 1.385999999999999943e+01
9.000000000000000000e+02 3.939999999999999858e+01 4.628000000000000169e-02 1.632999999999999829e+01
1.000000000000000000e+03 3.893999999999999773e+01 4.231000000000000039e-02 1.885000000000000142e+01
1.100000000000000000e+03 3.934000000000000341e+01 3.899999999999999994e-02 2.137000000000000099e+01
1.200000000000000000e+03 3.972999999999999687e+01 3.620000000000000301e-02 2.387000000000000099e+01
1.300000000000000000e+03 3.989000000000000057e+01 3.379999999999999671e-02 2.635999999999999943e+01
1.400000000000000000e+03 3.988000000000000256e+01 3.171000000000000207e-02 2.883999999999999986e+01
1.500000000000000000e+03 3.963000000000000256e+01 2.988000000000000031e-02 3.132999999999999829e+01
1.600000000000000000e+03 3.913000000000000256e+01 2.826999999999999999e-02 3.384000000000000341e+01
1.700000000000000000e+03 3.842999999999999972e+01 2.682000000000000009e-02 3.639999999999999858e+01
1.800000000000000000e+03 3.760000000000000142e+01 2.553000000000000061e-02 3.900000000000000000e+01
2.000000000000000000e+03 3.571999999999999886e+01 2.330000000000000127e-02 4.442000000000000171e+01
2.250000000000000000e+03 3.332999999999999829e+01 2.103999999999999967e-02 5.160999999999999943e+01
2.500000000000000000e+03 3.112000000000000099e+01 1.919999999999999832e-02 5.932000000000000028e+01
2.750000000000000000e+03 2.914999999999999858e+01 1.767000000000000168e-02 6.756000000000000227e+01
3.000000000000000000e+03 2.742000000000000171e+01 1.636999999999999914e-02 7.634999999999999432e+01
3.250000000000000000e+03 2.589999999999999858e+01 1.527000000000000059e-02 8.567000000000000171e+01
3.500000000000000000e+03 2.455000000000000071e+01 1.430999999999999980e-02 9.553000000000000114e+01
3.750000000000000000e+03 2.335000000000000142e+01 1.346999999999999933e-02 1.059099999999999966e+02
4.000000000000000000e+03 2.226999999999999957e+01 1.272000000000000040e-02 1.168100000000000023e+02
4.500000000000000000e+03 2.041000000000000014e+01 1.146999999999999929e-02 1.401299999999999955e+02
5.000000000000000000e+03 1.887000000000000099e+01 1.044999999999999922e-02 1.654699999999999989e+02
5.500000000000000000e+03 1.757000000000000028e+01 9.610999999999999752e-03 1.927899999999999920e+02
6.000000000000000000e+03 1.646000000000000085e+01 8.899999999999999925e-03 2.220399999999999920e+02
6.500000000000000000e+03 1.549000000000000021e+01 8.290999999999999759e-03 2.531999999999999886e+02
7.000000000000000000e+03 1.464000000000000057e+01 7.764000000000000068e-03 2.862400000000000091e+02
8.000000000000000000e+03 1.322000000000000064e+01 6.897000000000000353e-03 3.577900000000000205e+02
9.000000000000000000e+03 1.207000000000000028e+01 6.211000000000000375e-03 4.365899999999999750e+02
1.000000000000000000e+04 1.113000000000000078e+01 5.655000000000000304e-03 5.224800000000000182e+02
