# Energy(keV)    dEe/dx(keV/micro_m)  dEn/dx(keV/micro_m)  x(micro_m)
9.999990000000000268e-03 2.281000000000000139e+00 4.468999999999999773e+01 3.000000000000000279e-04
1.099989999999999996e-02 2.391999999999999904e+00 4.735999999999999943e+01 3.000000000000000279e-04
1.199990000000000084e-02 2.499000000000000110e+00 4.992000000000000171e+01 3.000000000000000279e-04
1.299990000000000000e-02 2.600999999999999979e+00 5.238000000000000256e+01 4.000000000000000192e-04
1.399990000000000089e-02 2.698999999999999844e+00 5.475999999999999801e+01 4.000000000000000192e-04
1.499990000000000004e-02 2.794000000000000039e+00 5.707000000000000028e+01 4.000000000000000192e-04
1.599990000000000093e-02 2.884999999999999787e+00 5.929999999999999716e+01 4.000000000000000192e-04
1.699990000000000182e-02 2.974000000000000199e+00 6.146999999999999886e+01 4.000000000000000192e-04
1.799989999999999923e-02 3.060000000000000053e+00 6.357999999999999829e+01 4.000000000000000192e-04
1.999990000000000101e-02 3.225999999999999979e+00 6.764000000000000057e+01 4.000000000000000192e-04
2.249989999999999976e-02 3.420999999999999819e+00 7.245000000000000284e+01 4.000000000000000192e-04
2.499990000000000198e-02 3.605999999999999872e+00 7.701000000000000512e+01 5.000000000000000104e-04
2.749990000000000073e-02 3.782000000000000028e+00 8.134999999999999432e+01 5.000000000000000104e-04
2.999989999999999948e-02 3.951000000000000068e+00 8.550000000000000000e+01 5.000000000000000104e-04
3.249989999999999823e-02 4.112000000000000099e+00 8.946999999999999886e+01 5.000000000000000104e-04
3.499990000000000046e-02 4.267000000000000348e+00 9.329999999999999716e+01 5.000000000000000104e-04
3.749989999999999574e-02 4.416999999999999815e+00 9.698000000000000398e+01 5.000000000000000104e-04
3.999989999999999796e-02 4.562000000000000277e+00 1.005000000000000000e+02 6.000000000000000559e-04
4.499989999999999546e-02 4.839000000000000412e+00 1.072999999999999972e+02 6.000000000000000559e-04
4.999989999999999990e-02 5.099999999999999645e+00 1.137000000000000028e+02 6.000000000000000559e-04
5.499989999999999740e-02 5.349000000000000199e+00 1.197999999999999972e+02 6.000000000000000559e-04
5.999989999999999490e-02 5.586999999999999744e+00 1.255999999999999943e+02 6.999999999999999929e-04
6.499989999999999934e-02 5.815000000000000391e+00 1.310999999999999943e+02 6.999999999999999929e-04
6.999990000000000379e-02 6.035000000000000142e+00 1.364000000000000057e+02 6.999999999999999929e-04
7.999989999999999879e-02 6.450999999999999623e+00 1.464000000000000057e+02 6.999999999999999929e-04
8.999989999999999379e-02 6.842999999999999972e+00 1.555999999999999943e+02 8.000000000000000383e-04
9.999990000000000268e-02 7.213000000000000078e+00 1.643000000000000114e+02 8.000000000000000383e-04
1.100000000000000006e-01 7.565000000000000391e+00 1.725000000000000000e+02 9.000000000000000838e-04
1.199999999999999956e-01 7.900999999999999801e+00 1.803000000000000114e+02 9.000000000000000838e-04
1.300000000000000044e-01 8.224000000000000199e+00 1.876999999999999886e+02 9.000000000000000838e-04
1.399989999999999846e-01 8.534000000000000696e+00 1.946999999999999886e+02 1.000000000000000021e-03
1.499989999999999934e-01 8.833999999999999631e+00 2.015000000000000000e+02 1.000000000000000021e-03
1.599990000000000023e-01 9.124000000000000554e+00 2.079000000000000057e+02 1.000000000000000021e-03
1.699990000000000112e-01 9.404999999999999361e+00 2.140999999999999943e+02 1.000000000000000021e-03
1.799989999999999923e-01 9.676999999999999602e+00 2.200999999999999943e+02 1.100000000000000066e-03
1.999990000000000101e-01 1.019999999999999929e+01 2.314000000000000057e+02 1.100000000000000066e-03
2.249990000000000046e-01 1.082000000000000028e+01 2.445999999999999943e+02 1.200000000000000112e-03
2.499989999999999990e-01 1.140000000000000036e+01 2.568000000000000114e+02 1.300000000000000157e-03
2.749990000000000490e-01 1.196000000000000085e+01 2.681999999999999886e+02 1.300000000000000157e-03
2.999990000000000157e-01 1.249000000000000021e+01 2.788999999999999773e+02 1.399999999999999986e-03
3.249990000000000379e-01 1.300000000000000000e+01 2.890000000000000000e+02 1.399999999999999986e-03
3.499990000000000046e-01 1.349000000000000021e+01 2.986000000000000227e+02 1.500000000000000031e-03
3.749990000000000268e-01 1.397000000000000064e+01 3.076000000000000227e+02 1.500000000000000031e-03
3.999990000000000490e-01 1.442999999999999972e+01 3.163000000000000114e+02 1.600000000000000077e-03
4.499990000000000379e-01 1.530000000000000071e+01 3.323999999999999773e+02 1.700000000000000122e-03
4.999990000000000268e-01 1.612999999999999901e+01 3.471999999999999886e+02 1.800000000000000168e-03
5.499990000000000157e-01 1.692000000000000171e+01 3.608999999999999773e+02 1.899999999999999996e-03
5.999990000000000601e-01 1.767000000000000171e+01 3.736999999999999886e+02 1.899999999999999996e-03
6.499989999999999934e-01 1.839000000000000057e+01 3.856000000000000227e+02 2.000000000000000042e-03
6.999990000000000379e-01 1.907999999999999829e+01 3.968000000000000114e+02 2.100000000000000304e-03
7.999990000000000157e-01 2.039999999999999858e+01 4.173999999999999773e+02 2.299999999999999961e-03
8.999989999999999934e-01 2.164000000000000057e+01 4.358999999999999773e+02 2.400000000000000223e-03
9.999990000000000823e-01 2.280999999999999872e+01 4.526999999999999886e+02 2.600000000000000314e-03
1.100000000000000089e+00 2.392000000000000171e+01 4.680000000000000000e+02 2.700000000000000143e-03
1.199999999999999956e+00 2.498999999999999844e+01 4.821999999999999886e+02 2.900000000000000234e-03
1.300000000000000044e+00 2.601000000000000156e+01 4.953000000000000114e+02 3.000000000000000062e-03
1.399999999999999911e+00 2.698999999999999844e+01 5.075000000000000000e+02 3.100000000000000325e-03
1.500000000000000000e+00 2.794000000000000128e+01 5.188999999999999773e+02 3.299999999999999982e-03
1.600000000000000089e+00 2.885000000000000142e+01 5.296000000000000227e+02 3.400000000000000244e-03
1.699999999999999956e+00 2.973999999999999844e+01 5.396000000000000227e+02 3.500000000000000073e-03
1.800000000000000044e+00 3.060000000000000142e+01 5.491000000000000227e+02 3.600000000000000335e-03
2.000000000000000000e+00 3.225999999999999801e+01 5.665000000000000000e+02 3.900000000000000255e-03
2.250000000000000000e+00 3.421999999999999886e+01 5.858999999999999773e+02 4.200000000000000608e-03
2.500000000000000000e+00 3.607000000000000028e+01 6.031000000000000227e+02 4.400000000000000265e-03
2.750000000000000000e+00 3.782999999999999829e+01 6.186000000000000227e+02 4.700000000000000185e-03
3.000000000000000000e+00 3.950999999999999801e+01 6.325000000000000000e+02 5.000000000000000104e-03
3.250000000000000000e+00 4.111999999999999744e+01 6.451000000000000227e+02 5.300000000000000024e-03
3.500000000000000000e+00 4.267999999999999972e+01 6.567000000000000455e+02 5.500000000000000548e-03
3.750000000000000000e+00 4.417999999999999972e+01 6.672999999999999545e+02 5.800000000000000468e-03
4.000000000000000000e+00 4.561999999999999744e+01 6.770000000000000000e+02 6.000000000000000125e-03
4.500000000000000000e+00 4.839000000000000057e+01 6.943999999999999773e+02 6.500000000000000569e-03
5.000000000000000000e+00 5.100999999999999801e+01 7.093999999999999773e+02 7.000000000000000146e-03
5.500000000000000000e+00 5.350000000000000000e+01 7.223999999999999773e+02 7.500000000000000590e-03
6.000000000000000000e+00 5.588000000000000256e+01 7.338999999999999773e+02 8.000000000000000167e-03
6.500000000000000000e+00 5.815999999999999659e+01 7.440000000000000000e+02 8.500000000000000611e-03
7.000000000000000000e+00 6.035999999999999943e+01 7.528999999999999773e+02 8.899999999999999925e-03
8.000000000000000000e+00 6.453000000000000114e+01 7.680000000000000000e+02 9.900000000000000813e-03
9.000000000000000000e+00 6.843999999999999773e+01 7.802000000000000455e+02 1.080000000000000057e-02
1.000000000000000000e+01 7.215000000000000568e+01 7.900000000000000000e+02 1.170000000000000033e-02
1.100000000000000000e+01 7.567000000000000171e+01 7.978999999999999773e+02 1.250000000000000069e-02
1.200000000000000000e+01 7.903000000000000114e+01 8.042999999999999545e+02 1.340000000000000045e-02
1.300000000000000000e+01 8.226000000000000512e+01 8.095000000000000000e+02 1.430000000000000021e-02
1.400000000000000000e+01 8.537000000000000455e+01 8.137000000000000455e+02 1.519999999999999997e-02
1.500000000000000000e+01 8.837000000000000455e+01 8.170000000000000000e+02 1.600000000000000033e-02
1.600000000000000000e+01 9.126999999999999602e+01 8.196000000000000227e+02 1.690000000000000183e-02
1.700000000000000000e+01 9.407999999999999829e+01 8.215000000000000000e+02 1.770000000000000046e-02
1.800000000000000000e+01 9.679999999999999716e+01 8.228999999999999773e+02 1.860000000000000195e-02
2.000000000000000000e+01 1.020000000000000000e+02 8.243999999999999773e+02 2.030000000000000207e-02
2.250000000000000000e+01 1.082000000000000028e+02 8.242000000000000455e+02 2.239999999999999977e-02
2.500000000000000000e+01 1.140999999999999943e+02 8.225000000000000000e+02 2.460000000000000034e-02
2.750000000000000000e+01 1.197000000000000028e+02 8.195000000000000000e+02 2.670000000000000151e-02
3.000000000000000000e+01 1.250000000000000000e+02 8.157000000000000455e+02 2.890000000000000208e-02
3.250000000000000000e+01 1.300999999999999943e+02 8.112000000000000455e+02 3.099999999999999978e-02
3.500000000000000000e+01 1.350000000000000000e+02 8.062999999999999545e+02 3.320000000000000034e-02
3.750000000000000000e+01 1.396999999999999886e+02 8.008999999999999773e+02 3.530000000000000498e-02
4.000000000000000000e+01 1.443000000000000114e+02 7.952999999999999545e+02 3.749999999999999861e-02
4.500000000000000000e+01 1.530999999999999943e+02 7.835000000000000000e+02 4.189999999999999974e-02
5.000000000000000000e+01 1.614000000000000057e+02 7.713999999999999773e+02 4.630000000000000088e-02
5.500000000000000000e+01 1.693000000000000114e+02 7.591000000000000227e+02 5.070000000000000201e-02
6.000000000000000000e+01 1.768000000000000114e+02 7.468999999999999773e+02 5.520000000000000601e-02
6.500000000000000000e+01 1.840000000000000000e+02 7.348999999999999773e+02 5.970000000000000306e-02
7.000000000000000000e+01 1.910000000000000000e+02 7.231000000000000227e+02 6.430000000000000993e-02
8.000000000000000000e+01 2.063000000000000114e+02 7.002999999999999545e+02 7.359999999999999876e-02
9.000000000000000000e+01 2.265999999999999943e+02 6.787999999999999545e+02 8.290000000000000147e-02
1.000000000000000000e+02 2.431999999999999886e+02 6.586000000000000227e+02 9.230000000000000704e-02
1.100000000000000000e+02 2.568999999999999773e+02 6.396000000000000227e+02 1.018000000000000016e-01
1.200000000000000000e+02 2.686999999999999886e+02 6.217999999999999545e+02 1.113999999999999990e-01
1.300000000000000000e+02 2.791000000000000227e+02 6.050000000000000000e+02 1.210999999999999993e-01
1.400000000000000000e+02 2.885000000000000000e+02 5.892000000000000455e+02 1.309000000000000163e-01
1.500000000000000000e+02 2.970000000000000000e+02 5.743999999999999773e+02 1.408000000000000085e-01
1.600000000000000000e+02 3.050000000000000000e+02 5.603999999999999773e+02 1.509000000000000064e-01
1.700000000000000000e+02 3.126000000000000227e+02 5.472000000000000455e+02 1.610000000000000042e-01
1.800000000000000000e+02 3.198000000000000114e+02 5.346000000000000227e+02 1.712000000000000188e-01
2.000000000000000000e+02 3.333999999999999773e+02 5.115000000000000000e+02 1.919000000000000150e-01
2.250000000000000000e+02 3.495000000000000000e+02 4.856999999999999886e+02 2.181000000000000161e-01
2.500000000000000000e+02 3.648000000000000114e+02 4.628000000000000114e+02 2.448000000000000176e-01
2.750000000000000000e+02 3.796000000000000227e+02 4.423000000000000114e+02 2.717999999999999861e-01
3.000000000000000000e+02 3.941000000000000227e+02 4.238999999999999773e+02 2.989999999999999880e-01
3.250000000000000000e+02 4.083000000000000114e+02 4.071999999999999886e+02 3.265000000000000124e-01
3.500000000000000000e+02 4.223999999999999773e+02 3.918999999999999773e+02 3.541000000000000258e-01
3.750000000000000000e+02 4.363000000000000114e+02 3.780000000000000000e+02 3.818000000000000282e-01
4.000000000000000000e+02 4.501000000000000227e+02 3.651000000000000227e+02 4.096000000000000196e-01
4.500000000000000000e+02 4.775000000000000000e+02 3.423000000000000114e+02 4.652000000000000024e-01
5.000000000000000000e+02 5.046999999999999886e+02 3.226000000000000227e+02 5.206000000000000627e-01
5.500000000000000000e+02 5.316000000000000227e+02 3.053000000000000114e+02 5.756000000000000005e-01
6.000000000000000000e+02 5.582999999999999545e+02 2.901000000000000227e+02 6.301999999999999824e-01
6.500000000000000000e+02 5.847999999999999545e+02 2.765000000000000000e+02 6.842000000000000304e-01
7.000000000000000000e+02 6.111000000000000227e+02 2.643000000000000114e+02 7.375000000000000444e-01
8.000000000000000000e+02 6.631000000000000227e+02 2.433000000000000114e+02 8.420000000000000817e-01
9.000000000000000000e+02 7.142000000000000455e+02 2.259000000000000057e+02 9.433000000000000274e-01
1.000000000000000000e+03 7.643999999999999773e+02 2.110000000000000000e+02 1.040000000000000036e+00
1.100000000000000000e+03 8.137000000000000455e+02 1.981999999999999886e+02 1.139999999999999902e+00
1.200000000000000000e+03 8.621000000000000227e+02 1.870999999999999943e+02 1.229999999999999982e+00
1.300000000000000000e+03 9.096000000000000227e+02 1.773000000000000114e+02 1.320000000000000062e+00
1.400000000000000000e+03 9.562999999999999545e+02 1.685999999999999943e+02 1.399999999999999911e+00
1.500000000000000000e+03 1.002000000000000000e+03 1.609000000000000057e+02 1.489999999999999991e+00
1.600000000000000000e+03 1.047000000000000000e+03 1.538000000000000114e+02 1.570000000000000062e+00
1.700000000000000000e+03 1.092000000000000000e+03 1.475000000000000000e+02 1.649999999999999911e+00
1.800000000000000000e+03 1.135000000000000000e+03 1.416999999999999886e+02 1.719999999999999973e+00
2.000000000000000000e+03 1.220000000000000000e+03 1.315000000000000000e+02 1.870000000000000107e+00
2.250000000000000000e+03 1.322000000000000000e+03 1.209000000000000057e+02 2.040000000000000036e+00
2.500000000000000000e+03 1.421000000000000000e+03 1.120999999999999943e+02 2.209999999999999964e+00
2.750000000000000000e+03 1.516000000000000000e+03 1.045000000000000000e+02 2.359999999999999876e+00
3.000000000000000000e+03 1.608000000000000000e+03 9.804999999999999716e+01 2.509999999999999787e+00
3.250000000000000000e+03 1.697000000000000000e+03 9.240000000000000568e+01 2.649999999999999911e+00
3.500000000000000000e+03 1.783000000000000000e+03 8.743999999999999773e+01 2.779999999999999805e+00
3.750000000000000000e+03 1.866000000000000000e+03 8.303000000000000114e+01 2.910000000000000142e+00
4.000000000000000000e+03 1.948000000000000000e+03 7.909000000000000341e+01 3.029999999999999805e+00
4.500000000000000000e+03 2.103000000000000000e+03 7.231999999999999318e+01 3.270000000000000018e+00
5.000000000000000000e+03 2.251000000000000000e+03 6.671999999999999886e+01 3.490000000000000213e+00
5.500000000000000000e+03 2.392000000000000000e+03 6.200000000000000000e+01 3.689999999999999947e+00
6.000000000000000000e+03 2.527000000000000000e+03 5.796000000000000085e+01 3.890000000000000124e+00
6.500000000000000000e+03 2.657000000000000000e+03 5.445000000000000284e+01 4.080000000000000071e+00
7.000000000000000000e+03 2.781000000000000000e+03 5.139000000000000057e+01 4.250000000000000000e+00
8.000000000000000000e+03 3.018000000000000000e+03 4.625999999999999801e+01 4.589999999999999858e+00
9.000000000000000000e+03 3.241000000000000000e+03 4.214000000000000057e+01 4.900000000000000355e+00
1.000000000000000000e+04 3.454000000000000000e+03 3.874000000000000199e+01 5.200000000000000178e+00
