# Energy(keV)    dEe/dx(keV/micro_m)  dEn/dx(keV/micro_m)  x(micro_m)
9.999990000000000268e-03 6.816999999999999726e-01 3.232000000000000028e+01 4.000000000000000192e-04
1.099989999999999996e-02 7.148999999999999799e-01 3.414000000000000057e+01 4.000000000000000192e-04
1.199990000000000084e-02 7.467000000000000304e-01 3.588000000000000256e+01 5.000000000000000104e-04
1.299990000000000000e-02 7.772000000000000020e-01 3.756000000000000227e+01 5.000000000000000104e-04
1.399990000000000089e-02 8.065999999999999837e-01 3.915999999999999659e+01 5.000000000000000104e-04
1.499990000000000004e-02 8.348999999999999755e-01 4.071000000000000085e+01 5.000000000000000104e-04
1.599990000000000093e-02 8.621999999999999664e-01 4.221000000000000085e+01 5.000000000000000104e-04
1.699990000000000182e-02 8.888000000000000345e-01 4.365999999999999659e+01 5.000000000000000104e-04
1.799989999999999923e-02 9.145999999999999686e-01 4.507000000000000028e+01 5.000000000000000104e-04
1.999990000000000101e-02 9.639999999999999680e-01 4.775999999999999801e+01 6.000000000000000559e-04
2.249989999999999976e-02 1.022999999999999909e+00 5.093999999999999773e+01 6.000000000000000559e-04
2.499990000000000198e-02 1.078000000000000069e+00 5.392000000000000171e+01 6.000000000000000559e-04
2.749990000000000073e-02 1.129999999999999893e+00 5.675000000000000000e+01 6.999999999999999929e-04
2.999989999999999948e-02 1.181000000000000050e+00 5.942999999999999972e+01 6.999999999999999929e-04
3.249989999999999823e-02 1.229000000000000092e+00 6.199000000000000199e+01 6.999999999999999929e-04
3.499990000000000046e-02 1.274999999999999911e+00 6.445000000000000284e+01 6.999999999999999929e-04
3.749989999999999574e-02 1.320000000000000062e+00 6.679999999999999716e+01 6.999999999999999929e-04
3.999989999999999796e-02 1.362999999999999989e+00 6.906000000000000227e+01 8.000000000000000383e-04
4.499989999999999546e-02 1.445999999999999952e+00 7.334999999999999432e+01 8.000000000000000383e-04
4.999989999999999990e-02 1.524000000000000021e+00 7.735999999999999943e+01 8.000000000000000383e-04
5.499989999999999740e-02 1.598999999999999977e+00 8.112999999999999545e+01 9.000000000000000838e-04
5.999989999999999490e-02 1.669999999999999929e+00 8.470000000000000284e+01 9.000000000000000838e-04
6.499989999999999934e-02 1.737999999999999989e+00 8.807999999999999829e+01 9.000000000000000838e-04
6.999990000000000379e-02 1.804000000000000048e+00 9.131000000000000227e+01 1.000000000000000021e-03
7.999989999999999879e-02 1.927999999999999936e+00 9.732999999999999829e+01 1.000000000000000021e-03
8.999989999999999379e-02 2.044999999999999929e+00 1.029000000000000057e+02 1.100000000000000066e-03
9.999990000000000268e-02 2.156000000000000139e+00 1.080000000000000000e+02 1.200000000000000112e-03
1.100000000000000006e-01 2.261000000000000121e+00 1.127999999999999972e+02 1.200000000000000112e-03
1.199999999999999956e-01 2.361000000000000210e+00 1.174000000000000057e+02 1.300000000000000157e-03
1.300000000000000044e-01 2.458000000000000185e+00 1.215999999999999943e+02 1.300000000000000157e-03
1.399989999999999846e-01 2.551000000000000156e+00 1.257000000000000028e+02 1.399999999999999986e-03
1.499989999999999934e-01 2.640000000000000124e+00 1.295000000000000000e+02 1.399999999999999986e-03
1.599990000000000023e-01 2.726999999999999869e+00 1.330999999999999943e+02 1.500000000000000031e-03
1.699990000000000112e-01 2.810999999999999943e+00 1.365999999999999943e+02 1.500000000000000031e-03
1.799989999999999923e-01 2.891999999999999904e+00 1.399000000000000057e+02 1.600000000000000077e-03
1.999990000000000101e-01 3.048999999999999932e+00 1.461999999999999886e+02 1.600000000000000077e-03
2.249990000000000046e-01 3.233999999999999986e+00 1.534000000000000057e+02 1.700000000000000122e-03
2.499989999999999990e-01 3.408999999999999808e+00 1.600000000000000000e+02 1.899999999999999996e-03
2.749990000000000490e-01 3.575000000000000178e+00 1.660000000000000000e+02 1.899999999999999996e-03
2.999990000000000157e-01 3.733999999999999986e+00 1.716999999999999886e+02 2.000000000000000042e-03
3.249990000000000379e-01 3.886000000000000121e+00 1.769000000000000057e+02 2.100000000000000304e-03
3.499990000000000046e-01 4.033000000000000362e+00 1.818000000000000114e+02 2.200000000000000133e-03
3.749990000000000268e-01 4.174999999999999822e+00 1.865000000000000000e+02 2.299999999999999961e-03
3.999990000000000490e-01 4.312000000000000277e+00 1.908000000000000114e+02 2.400000000000000223e-03
4.499990000000000379e-01 4.573000000000000398e+00 1.989000000000000057e+02 2.600000000000000314e-03
4.999990000000000268e-01 4.820999999999999730e+00 2.061999999999999886e+02 2.700000000000000143e-03
5.499990000000000157e-01 5.056000000000000050e+00 2.128000000000000114e+02 2.900000000000000234e-03
5.999990000000000601e-01 5.280999999999999694e+00 2.189000000000000057e+02 3.000000000000000062e-03
6.499989999999999934e-01 5.496000000000000441e+00 2.245000000000000000e+02 3.200000000000000153e-03
6.999990000000000379e-01 5.703999999999999737e+00 2.296999999999999886e+02 3.299999999999999982e-03
7.999990000000000157e-01 6.097999999999999865e+00 2.390999999999999943e+02 3.600000000000000335e-03
8.999989999999999934e-01 6.467999999999999972e+00 2.474000000000000057e+02 3.900000000000000255e-03
9.999990000000000823e-01 6.817999999999999616e+00 2.546999999999999886e+02 4.200000000000000608e-03
1.100000000000000089e+00 7.150999999999999801e+00 2.613000000000000114e+02 4.400000000000000265e-03
1.199999999999999956e+00 7.469000000000000306e+00 2.671999999999999886e+02 4.700000000000000185e-03
1.300000000000000044e+00 7.774000000000000021e+00 2.726000000000000227e+02 4.899999999999999842e-03
1.399999999999999911e+00 8.067000000000000171e+00 2.775000000000000000e+02 5.200000000000000629e-03
1.500000000000000000e+00 8.349999999999999645e+00 2.820000000000000000e+02 5.400000000000000286e-03
1.600000000000000089e+00 8.624000000000000554e+00 2.861999999999999886e+02 5.700000000000000205e-03
1.699999999999999956e+00 8.890000000000000568e+00 2.900000000000000000e+02 5.899999999999999863e-03
1.800000000000000044e+00 9.147999999999999687e+00 2.936000000000000227e+02 6.100000000000000387e-03
2.000000000000000000e+00 9.643000000000000682e+00 3.000000000000000000e+02 6.599999999999999964e-03
2.250000000000000000e+00 1.023000000000000043e+01 3.068999999999999773e+02 7.200000000000000670e-03
2.500000000000000000e+00 1.077999999999999936e+01 3.126999999999999886e+02 7.800000000000000509e-03
2.750000000000000000e+00 1.131000000000000050e+01 3.176999999999999886e+02 8.300000000000000086e-03
3.000000000000000000e+00 1.181000000000000050e+01 3.221000000000000227e+02 8.899999999999999925e-03
3.250000000000000000e+00 1.228999999999999915e+01 3.258999999999999773e+02 9.400000000000000369e-03
3.500000000000000000e+00 1.275999999999999979e+01 3.291999999999999886e+02 9.900000000000000813e-03
3.750000000000000000e+00 1.321000000000000085e+01 3.321000000000000227e+02 1.050000000000000065e-02
4.000000000000000000e+00 1.364000000000000057e+01 3.346000000000000227e+02 1.100000000000000110e-02
4.500000000000000000e+00 1.447000000000000064e+01 3.388000000000000114e+02 1.210000000000000138e-02
5.000000000000000000e+00 1.525000000000000000e+01 3.421000000000000227e+02 1.310000000000000053e-02
5.500000000000000000e+00 1.599000000000000021e+01 3.446000000000000227e+02 1.420000000000000082e-02
6.000000000000000000e+00 1.671000000000000085e+01 3.465000000000000000e+02 1.519999999999999997e-02
6.500000000000000000e+00 1.739000000000000057e+01 3.478999999999999773e+02 1.630000000000000199e-02
7.000000000000000000e+00 1.803999999999999915e+01 3.488000000000000114e+02 1.729999999999999941e-02
8.000000000000000000e+00 1.928999999999999915e+01 3.498999999999999773e+02 1.940000000000000058e-02
9.000000000000000000e+00 2.046000000000000085e+01 3.500000000000000000e+02 2.150000000000000175e-02
1.000000000000000000e+01 2.157000000000000028e+01 3.493000000000000114e+02 2.359999999999999945e-02
1.100000000000000000e+01 2.262000000000000099e+01 3.481999999999999886e+02 2.570000000000000062e-02
1.200000000000000000e+01 2.362999999999999901e+01 3.466999999999999886e+02 2.780000000000000179e-02
1.300000000000000000e+01 2.460000000000000142e+01 3.448000000000000114e+02 2.990000000000000296e-02
1.400000000000000000e+01 2.553000000000000114e+01 3.428000000000000114e+02 3.200000000000000067e-02
1.500000000000000000e+01 2.642000000000000171e+01 3.406000000000000227e+02 3.420000000000000123e-02
1.600000000000000000e+01 2.728999999999999915e+01 3.383000000000000114e+02 3.629999999999999893e-02
1.700000000000000000e+01 2.812999999999999901e+01 3.358999999999999773e+02 3.849999999999999950e-02
1.800000000000000000e+01 2.894999999999999929e+01 3.333999999999999773e+02 4.070000000000000007e-02
2.000000000000000000e+01 3.051000000000000156e+01 3.283999999999999773e+02 4.520000000000000406e-02
2.250000000000000000e+01 3.236999999999999744e+01 3.220000000000000000e+02 5.080000000000000487e-02
2.500000000000000000e+01 3.411999999999999744e+01 3.156000000000000227e+02 5.660000000000000447e-02
2.750000000000000000e+01 3.578999999999999915e+01 3.093999999999999773e+02 6.240000000000000407e-02
3.000000000000000000e+01 3.738000000000000256e+01 3.033999999999999773e+02 6.840000000000000246e-02
3.250000000000000000e+01 3.890999999999999659e+01 2.975000000000000000e+02 7.440000000000000779e-02
3.500000000000000000e+01 4.038000000000000256e+01 2.918000000000000114e+02 8.060000000000000497e-02
3.750000000000000000e+01 4.179999999999999716e+01 2.863000000000000114e+02 8.680000000000000215e-02
4.000000000000000000e+01 4.317000000000000171e+01 2.811000000000000227e+02 9.310000000000000220e-02
4.500000000000000000e+01 4.579999999999999716e+01 2.711000000000000227e+02 1.060999999999999999e-01
5.000000000000000000e+01 4.965999999999999659e+01 2.618999999999999773e+02 1.194000000000000061e-01
5.500000000000000000e+01 5.443999999999999773e+01 2.534000000000000057e+02 1.329000000000000181e-01
6.000000000000000000e+01 5.811999999999999744e+01 2.455000000000000000e+02 1.466999999999999971e-01
6.500000000000000000e+01 6.102000000000000313e+01 2.380999999999999943e+02 1.607000000000000095e-01
7.000000000000000000e+01 6.338000000000000256e+01 2.311999999999999886e+02 1.748999999999999999e-01
8.000000000000000000e+01 6.707999999999999829e+01 2.188000000000000114e+02 2.042000000000000204e-01
9.000000000000000000e+01 7.004999999999999716e+01 2.078000000000000114e+02 2.346000000000000030e-01
1.000000000000000000e+02 7.270999999999999375e+01 1.980999999999999943e+02 2.659000000000000252e-01
1.100000000000000000e+02 7.526999999999999602e+01 1.894000000000000057e+02 2.981000000000000316e-01
1.200000000000000000e+02 7.784999999999999432e+01 1.815000000000000000e+02 3.311999999999999944e-01
1.300000000000000000e+02 8.051000000000000512e+01 1.744000000000000057e+02 3.649000000000000021e-01
1.400000000000000000e+02 8.328000000000000114e+01 1.679000000000000057e+02 3.993000000000000438e-01
1.500000000000000000e+02 8.615000000000000568e+01 1.619000000000000057e+02 4.343000000000000194e-01
1.600000000000000000e+02 8.912999999999999545e+01 1.565000000000000000e+02 4.697000000000000064e-01
1.700000000000000000e+02 9.221999999999999886e+01 1.514000000000000057e+02 5.056000000000000494e-01
1.800000000000000000e+02 9.540000000000000568e+01 1.466999999999999886e+02 5.418000000000000593e-01
2.000000000000000000e+02 1.020000000000000000e+02 1.383000000000000114e+02 6.149000000000000021e-01
2.250000000000000000e+02 1.107000000000000028e+02 1.291999999999999886e+02 7.072000000000000508e-01
2.500000000000000000e+02 1.195999999999999943e+02 1.214000000000000057e+02 7.997000000000000774e-01
2.750000000000000000e+02 1.288000000000000114e+02 1.147000000000000028e+02 8.919000000000000261e-01
3.000000000000000000e+02 1.380999999999999943e+02 1.087000000000000028e+02 9.834000000000000519e-01
3.250000000000000000e+02 1.474000000000000057e+02 1.034000000000000057e+02 1.070000000000000062e+00
3.500000000000000000e+02 1.568000000000000114e+02 9.870000000000000284e+01 1.159999999999999920e+00
3.750000000000000000e+02 1.660999999999999943e+02 9.445000000000000284e+01 1.250000000000000000e+00
4.000000000000000000e+02 1.755000000000000000e+02 9.059000000000000341e+01 1.340000000000000080e+00
4.500000000000000000e+02 1.939000000000000057e+02 8.387000000000000455e+01 1.510000000000000009e+00
5.000000000000000000e+02 2.120000000000000000e+02 7.820000000000000284e+01 1.669999999999999929e+00
5.500000000000000000e+02 2.298000000000000114e+02 7.332999999999999829e+01 1.820000000000000062e+00
6.000000000000000000e+02 2.471999999999999886e+02 6.909999999999999432e+01 1.969999999999999973e+00
6.500000000000000000e+02 2.643000000000000114e+02 6.539000000000000057e+01 2.120000000000000107e+00
7.000000000000000000e+02 2.810000000000000000e+02 6.210999999999999943e+01 2.259999999999999787e+00
8.000000000000000000e+02 3.135000000000000000e+02 5.653000000000000114e+01 2.520000000000000018e+00
9.000000000000000000e+02 3.450000000000000000e+02 5.197999999999999687e+01 2.770000000000000018e+00
1.000000000000000000e+03 3.756000000000000227e+02 4.817000000000000171e+01 3.000000000000000000e+00
1.100000000000000000e+03 4.053999999999999773e+02 4.493999999999999773e+01 3.220000000000000195e+00
1.200000000000000000e+03 4.346000000000000227e+02 4.215999999999999659e+01 3.430000000000000160e+00
1.300000000000000000e+03 4.631999999999999886e+02 3.972999999999999687e+01 3.620000000000000107e+00
1.400000000000000000e+03 4.913999999999999773e+02 3.760000000000000142e+01 3.810000000000000053e+00
1.500000000000000000e+03 5.192000000000000455e+02 3.571000000000000085e+01 3.990000000000000213e+00
1.600000000000000000e+03 5.467000000000000455e+02 3.400999999999999801e+01 4.160000000000000142e+00
1.700000000000000000e+03 5.737999999999999545e+02 3.249000000000000199e+01 4.330000000000000071e+00
1.800000000000000000e+03 6.007000000000000455e+02 3.110999999999999943e+01 4.480000000000000426e+00
2.000000000000000000e+03 6.537000000000000455e+02 2.869999999999999929e+01 4.780000000000000249e+00
2.250000000000000000e+03 7.187000000000000455e+02 2.621000000000000085e+01 5.120000000000000107e+00
2.500000000000000000e+03 7.822000000000000455e+02 2.416000000000000014e+01 5.440000000000000391e+00
2.750000000000000000e+03 8.443999999999999773e+02 2.242999999999999972e+01 5.730000000000000426e+00
3.000000000000000000e+03 9.051000000000000227e+02 2.094999999999999929e+01 6.009999999999999787e+00
3.250000000000000000e+03 9.643999999999999773e+02 1.966000000000000014e+01 6.269999999999999574e+00
3.500000000000000000e+03 1.022000000000000000e+03 1.853999999999999915e+01 6.509999999999999787e+00
3.750000000000000000e+03 1.079000000000000000e+03 1.755000000000000071e+01 6.740000000000000213e+00
4.000000000000000000e+03 1.134000000000000000e+03 1.667000000000000171e+01 6.959999999999999964e+00
4.500000000000000000e+03 1.240000000000000000e+03 1.516999999999999993e+01 7.370000000000000107e+00
5.000000000000000000e+03 1.342000000000000000e+03 1.393999999999999950e+01 7.750000000000000000e+00
5.500000000000000000e+03 1.440000000000000000e+03 1.290000000000000036e+01 8.109999999999999432e+00
6.000000000000000000e+03 1.535000000000000000e+03 1.201999999999999957e+01 8.439999999999999503e+00
6.500000000000000000e+03 1.627000000000000000e+03 1.125999999999999979e+01 8.750000000000000000e+00
7.000000000000000000e+03 1.717000000000000000e+03 1.059999999999999964e+01 9.050000000000000711e+00
8.000000000000000000e+03 1.888000000000000000e+03 9.500000000000000000e+00 9.599999999999999645e+00
9.000000000000000000e+03 2.048000000000000000e+03 8.619999999999999218e+00 1.009999999999999964e+01
1.000000000000000000e+04 2.192000000000000000e+03 7.900000000000000355e+00 1.057000000000000028e+01
