# Energy(keV)    dEe/dx(keV/micro_m)  dEn/dx(keV/micro_m)  x(micro_m)
9.999990000000000268e-03 2.374000000000000110e+00 4.442000000000000171e+01 2.000000000000000096e-04
1.099989999999999996e-02 2.490000000000000213e+00 4.693999999999999773e+01 3.000000000000000279e-04
1.199990000000000084e-02 2.600999999999999979e+00 4.935999999999999943e+01 3.000000000000000279e-04
1.299990000000000000e-02 2.706999999999999851e+00 5.167000000000000171e+01 3.000000000000000279e-04
1.399990000000000089e-02 2.809000000000000163e+00 5.389999999999999858e+01 3.000000000000000279e-04
1.499990000000000004e-02 2.907999999999999918e+00 5.604999999999999716e+01 3.000000000000000279e-04
1.599990000000000093e-02 3.003000000000000114e+00 5.813000000000000256e+01 3.000000000000000279e-04
1.699990000000000182e-02 3.096000000000000085e+00 6.014000000000000057e+01 3.000000000000000279e-04
1.799989999999999923e-02 3.185000000000000053e+00 6.209000000000000341e+01 3.000000000000000279e-04
1.999990000000000101e-02 3.358000000000000096e+00 6.582999999999999829e+01 3.000000000000000279e-04
2.249989999999999976e-02 3.560999999999999943e+00 7.023999999999999488e+01 3.000000000000000279e-04
2.499990000000000198e-02 3.754000000000000004e+00 7.439000000000000057e+01 4.000000000000000192e-04
2.749990000000000073e-02 3.936999999999999833e+00 7.831999999999999318e+01 4.000000000000000192e-04
2.999989999999999948e-02 4.112000000000000099e+00 8.206000000000000227e+01 4.000000000000000192e-04
3.249989999999999823e-02 4.280000000000000249e+00 8.562999999999999545e+01 4.000000000000000192e-04
3.499990000000000046e-02 4.442000000000000171e+00 8.904999999999999716e+01 4.000000000000000192e-04
3.749989999999999574e-02 4.597999999999999865e+00 9.232999999999999829e+01 4.000000000000000192e-04
3.999989999999999796e-02 4.748000000000000220e+00 9.548999999999999488e+01 4.000000000000000192e-04
4.499989999999999546e-02 5.035999999999999588e+00 1.015000000000000000e+02 5.000000000000000104e-04
4.999989999999999990e-02 5.309000000000000163e+00 1.070999999999999943e+02 5.000000000000000104e-04
5.499989999999999740e-02 5.567999999999999616e+00 1.124000000000000057e+02 5.000000000000000104e-04
5.999989999999999490e-02 5.815999999999999837e+00 1.174000000000000057e+02 5.000000000000000104e-04
6.499989999999999934e-02 6.052999999999999936e+00 1.220999999999999943e+02 6.000000000000000559e-04
6.999990000000000379e-02 6.282000000000000028e+00 1.265999999999999943e+02 6.000000000000000559e-04
7.999989999999999879e-02 6.714999999999999858e+00 1.350999999999999943e+02 6.000000000000000559e-04
8.999989999999999379e-02 7.123000000000000220e+00 1.429000000000000057e+02 6.999999999999999929e-04
9.999990000000000268e-02 7.508000000000000007e+00 1.500999999999999943e+02 6.999999999999999929e-04
1.100000000000000006e-01 7.873999999999999666e+00 1.569000000000000057e+02 6.999999999999999929e-04
1.199999999999999956e-01 8.224000000000000199e+00 1.633000000000000114e+02 6.999999999999999929e-04
1.300000000000000044e-01 8.560000000000000497e+00 1.693000000000000114e+02 8.000000000000000383e-04
1.399989999999999846e-01 8.882999999999999119e+00 1.750000000000000000e+02 8.000000000000000383e-04
1.499989999999999934e-01 9.195000000000000284e+00 1.804000000000000057e+02 8.000000000000000383e-04
1.599990000000000023e-01 9.496999999999999886e+00 1.855999999999999943e+02 9.000000000000000838e-04
1.699990000000000112e-01 9.788999999999999702e+00 1.905000000000000000e+02 9.000000000000000838e-04
1.799989999999999923e-01 1.007000000000000028e+01 1.951999999999999886e+02 9.000000000000000838e-04
1.999990000000000101e-01 1.061999999999999922e+01 2.040999999999999943e+02 1.000000000000000021e-03
2.249990000000000046e-01 1.125999999999999979e+01 2.143000000000000114e+02 1.000000000000000021e-03
2.499989999999999990e-01 1.186999999999999922e+01 2.236999999999999886e+02 1.100000000000000066e-03
2.749990000000000490e-01 1.244999999999999929e+01 2.324000000000000057e+02 1.200000000000000112e-03
2.999990000000000157e-01 1.300000000000000000e+01 2.404000000000000057e+02 1.200000000000000112e-03
3.249990000000000379e-01 1.353999999999999915e+01 2.479000000000000057e+02 1.300000000000000157e-03
3.499990000000000046e-01 1.405000000000000071e+01 2.550000000000000000e+02 1.300000000000000157e-03
3.749990000000000268e-01 1.453999999999999915e+01 2.616000000000000227e+02 1.399999999999999986e-03
3.999990000000000490e-01 1.501999999999999957e+01 2.678999999999999773e+02 1.399999999999999986e-03
4.499990000000000379e-01 1.592999999999999972e+01 2.795000000000000000e+02 1.500000000000000031e-03
4.999990000000000268e-01 1.678999999999999915e+01 2.900000000000000000e+02 1.600000000000000077e-03
5.499990000000000157e-01 1.760999999999999943e+01 2.996000000000000227e+02 1.700000000000000122e-03
5.999990000000000601e-01 1.839000000000000057e+01 3.083999999999999773e+02 1.800000000000000168e-03
6.499989999999999934e-01 1.914000000000000057e+01 3.165000000000000000e+02 1.899999999999999996e-03
6.999990000000000379e-01 1.985999999999999943e+01 3.241000000000000227e+02 2.000000000000000042e-03
7.999990000000000157e-01 2.123999999999999844e+01 3.376999999999999886e+02 2.100000000000000304e-03
8.999989999999999934e-01 2.251999999999999957e+01 3.498000000000000114e+02 2.299999999999999961e-03
9.999990000000000823e-01 2.373999999999999844e+01 3.605000000000000000e+02 2.500000000000000052e-03
1.100000000000000089e+00 2.489999999999999858e+01 3.701999999999999886e+02 2.600000000000000314e-03
1.199999999999999956e+00 2.601000000000000156e+01 3.788999999999999773e+02 2.799999999999999972e-03
1.300000000000000044e+00 2.707000000000000028e+01 3.868999999999999773e+02 2.900000000000000234e-03
1.399999999999999911e+00 2.808999999999999986e+01 3.941999999999999886e+02 3.100000000000000325e-03
1.500000000000000000e+00 2.907999999999999829e+01 4.008999999999999773e+02 3.200000000000000153e-03
1.600000000000000089e+00 3.003000000000000114e+01 4.071000000000000227e+02 3.400000000000000244e-03
1.699999999999999956e+00 3.096000000000000085e+01 4.128000000000000114e+02 3.500000000000000073e-03
1.800000000000000044e+00 3.185000000000000142e+01 4.181999999999999886e+02 3.700000000000000164e-03
2.000000000000000000e+00 3.357999999999999829e+01 4.278000000000000114e+02 3.900000000000000255e-03
2.250000000000000000e+00 3.560999999999999943e+01 4.381999999999999886e+02 4.300000000000000003e-03
2.500000000000000000e+00 3.753999999999999915e+01 4.471000000000000227e+02 4.599999999999999922e-03
2.750000000000000000e+00 3.936999999999999744e+01 4.548000000000000114e+02 4.899999999999999842e-03
3.000000000000000000e+00 4.111999999999999744e+01 4.615000000000000000e+02 5.300000000000000024e-03
3.250000000000000000e+00 4.279999999999999716e+01 4.673999999999999773e+02 5.599999999999999943e-03
3.500000000000000000e+00 4.442000000000000171e+01 4.726000000000000227e+02 5.899999999999999863e-03
3.750000000000000000e+00 4.597999999999999687e+01 4.771999999999999886e+02 6.200000000000000649e-03
4.000000000000000000e+00 4.747999999999999687e+01 4.813000000000000114e+02 6.500000000000000569e-03
4.500000000000000000e+00 5.035999999999999943e+01 4.881999999999999886e+02 7.200000000000000670e-03
5.000000000000000000e+00 5.309000000000000341e+01 4.936000000000000227e+02 7.800000000000000509e-03
5.500000000000000000e+00 5.567999999999999972e+01 4.978999999999999773e+02 8.400000000000001216e-03
6.000000000000000000e+00 5.815999999999999659e+01 5.013000000000000114e+02 9.000000000000001055e-03
6.500000000000000000e+00 6.053000000000000114e+01 5.040000000000000000e+02 9.600000000000000894e-03
7.000000000000000000e+00 6.282000000000000028e+01 5.060000000000000000e+02 1.020000000000000073e-02
8.000000000000000000e+00 6.715000000000000568e+01 5.086000000000000227e+02 1.140000000000000041e-02
9.000000000000000000e+00 7.123000000000000398e+01 5.098000000000000114e+02 1.260000000000000009e-02
1.000000000000000000e+01 7.507999999999999829e+01 5.098000000000000114e+02 1.380000000000000150e-02
1.100000000000000000e+01 7.873999999999999488e+01 5.091000000000000227e+02 1.500000000000000118e-02
1.200000000000000000e+01 8.225000000000000000e+01 5.076999999999999886e+02 1.619999999999999912e-02
1.300000000000000000e+01 8.559999999999999432e+01 5.058000000000000114e+02 1.740000000000000227e-02
1.400000000000000000e+01 8.884000000000000341e+01 5.036000000000000227e+02 1.860000000000000195e-02
1.500000000000000000e+01 9.195000000000000284e+01 5.011000000000000227e+02 1.990000000000000102e-02
1.600000000000000000e+01 9.496999999999999886e+01 4.983000000000000114e+02 2.110000000000000070e-02
1.700000000000000000e+01 9.789000000000000057e+01 4.953999999999999773e+02 2.230000000000000038e-02
1.800000000000000000e+01 1.007000000000000028e+02 4.923999999999999773e+02 2.350000000000000006e-02
2.000000000000000000e+01 1.062000000000000028e+02 4.861000000000000227e+02 2.600000000000000228e-02
2.250000000000000000e+01 1.125999999999999943e+02 4.778999999999999773e+02 2.910000000000000087e-02
2.500000000000000000e+01 1.187000000000000028e+02 4.696000000000000227e+02 3.230000000000000232e-02
2.750000000000000000e+01 1.245000000000000000e+02 4.613000000000000114e+02 3.550000000000000377e-02
3.000000000000000000e+01 1.300000000000000000e+02 4.531999999999999886e+02 3.870000000000000523e-02
3.250000000000000000e+01 1.354000000000000057e+02 4.453000000000000114e+02 4.200000000000000261e-02
3.500000000000000000e+01 1.405000000000000000e+02 4.375000000000000000e+02 4.529999999999999999e-02
3.750000000000000000e+01 1.454000000000000057e+02 4.300000000000000000e+02 4.860000000000000431e-02
4.000000000000000000e+01 1.501999999999999886e+02 4.228000000000000114e+02 5.190000000000000169e-02
4.500000000000000000e+01 1.593000000000000114e+02 4.090000000000000000e+02 5.870000000000000218e-02
5.000000000000000000e+01 1.730000000000000000e+02 3.961000000000000227e+02 6.560000000000000553e-02
5.500000000000000000e+01 1.905999999999999943e+02 3.841000000000000227e+02 7.240000000000000602e-02
6.000000000000000000e+01 2.043000000000000114e+02 3.728000000000000114e+02 7.930000000000000937e-02
6.500000000000000000e+01 2.151999999999999886e+02 3.623000000000000114e+02 8.610000000000000986e-02
7.000000000000000000e+01 2.240999999999999943e+02 3.525000000000000000e+02 9.310000000000000220e-02
8.000000000000000000e+01 2.384000000000000057e+02 3.346000000000000227e+02 1.071000000000000008e-01
9.000000000000000000e+01 2.500999999999999943e+02 3.186999999999999886e+02 1.213000000000000050e-01
1.000000000000000000e+02 2.603999999999999773e+02 3.043999999999999773e+02 1.357000000000000151e-01
1.100000000000000000e+02 2.701999999999999886e+02 2.916999999999999886e+02 1.504000000000000059e-01
1.200000000000000000e+02 2.798000000000000114e+02 2.801000000000000227e+02 1.652000000000000135e-01
1.300000000000000000e+02 2.893999999999999773e+02 2.695000000000000000e+02 1.801000000000000101e-01
1.400000000000000000e+02 2.991000000000000227e+02 2.598999999999999773e+02 1.950999999999999956e-01
1.500000000000000000e+02 3.090000000000000000e+02 2.510000000000000000e+02 2.101999999999999980e-01
1.600000000000000000e+02 3.191000000000000227e+02 2.429000000000000057e+02 2.253000000000000003e-01
1.700000000000000000e+02 3.295000000000000000e+02 2.353000000000000114e+02 2.404000000000000026e-01
1.800000000000000000e+02 3.401000000000000227e+02 2.283000000000000114e+02 2.555000000000000049e-01
2.000000000000000000e+02 3.618999999999999773e+02 2.155999999999999943e+02 2.855000000000000315e-01
2.250000000000000000e+02 3.901000000000000227e+02 2.019000000000000057e+02 3.225000000000000089e-01
2.500000000000000000e+02 4.191000000000000227e+02 1.900999999999999943e+02 3.588000000000000078e-01
2.750000000000000000e+02 4.486000000000000227e+02 1.796999999999999886e+02 3.943000000000000393e-01
3.000000000000000000e+02 4.783999999999999773e+02 1.705999999999999943e+02 4.289000000000000035e-01
3.250000000000000000e+02 5.083000000000000114e+02 1.625999999999999943e+02 4.626000000000000112e-01
3.500000000000000000e+02 5.382999999999999545e+02 1.553000000000000114e+02 4.953000000000000180e-01
3.750000000000000000e+02 5.682999999999999545e+02 1.488000000000000114e+02 5.272000000000000020e-01
4.000000000000000000e+02 5.981000000000000227e+02 1.428000000000000114e+02 5.581000000000000405e-01
4.500000000000000000e+02 6.572000000000000455e+02 1.325000000000000000e+02 6.175000000000000488e-01
5.000000000000000000e+02 7.155000000000000000e+02 1.237000000000000028e+02 6.737000000000000766e-01
5.500000000000000000e+02 7.727000000000000455e+02 1.160999999999999943e+02 7.271000000000000796e-01
6.000000000000000000e+02 8.287000000000000455e+02 1.095999999999999943e+02 7.778000000000000469e-01
6.500000000000000000e+02 8.837000000000000455e+02 1.037999999999999972e+02 8.263000000000000345e-01
7.000000000000000000e+02 9.375000000000000000e+02 9.864000000000000057e+01 8.726000000000000423e-01
8.000000000000000000e+02 1.042000000000000000e+03 8.993000000000000682e+01 9.595000000000000195e-01
9.000000000000000000e+02 1.142000000000000000e+03 8.279000000000000625e+01 1.040000000000000036e+00
1.000000000000000000e+03 1.239000000000000000e+03 7.681000000000000227e+01 1.120000000000000107e+00
1.100000000000000000e+03 1.332000000000000000e+03 7.173000000000000398e+01 1.189999999999999947e+00
1.200000000000000000e+03 1.422000000000000000e+03 6.734000000000000341e+01 1.250000000000000000e+00
1.300000000000000000e+03 1.509000000000000000e+03 6.352000000000000313e+01 1.320000000000000062e+00
1.400000000000000000e+03 1.593000000000000000e+03 6.014999999999999858e+01 1.379999999999999893e+00
1.500000000000000000e+03 1.675000000000000000e+03 5.715999999999999659e+01 1.429999999999999938e+00
1.600000000000000000e+03 1.754000000000000000e+03 5.447999999999999687e+01 1.489999999999999991e+00
1.700000000000000000e+03 1.830000000000000000e+03 5.206000000000000227e+01 1.540000000000000036e+00
1.800000000000000000e+03 1.905000000000000000e+03 4.986999999999999744e+01 1.590000000000000080e+00
2.000000000000000000e+03 2.048000000000000000e+03 4.604999999999999716e+01 1.689999999999999947e+00
2.250000000000000000e+03 2.215000000000000000e+03 4.210000000000000142e+01 1.800000000000000044e+00
2.500000000000000000e+03 2.372000000000000000e+03 3.882999999999999829e+01 1.909999999999999920e+00
2.750000000000000000e+03 2.517000000000000000e+03 3.607000000000000028e+01 2.009999999999999787e+00
3.000000000000000000e+03 2.653000000000000000e+03 3.371000000000000085e+01 2.100000000000000089e+00
3.250000000000000000e+03 2.779000000000000000e+03 3.166000000000000014e+01 2.189999999999999947e+00
3.500000000000000000e+03 2.897000000000000000e+03 2.987000000000000099e+01 2.279999999999999805e+00
3.750000000000000000e+03 3.006000000000000000e+03 2.828999999999999915e+01 2.359999999999999876e+00
4.000000000000000000e+03 3.107000000000000000e+03 2.687999999999999901e+01 2.439999999999999947e+00
4.500000000000000000e+03 3.288000000000000000e+03 2.448000000000000043e+01 2.589999999999999858e+00
5.000000000000000000e+03 3.443000000000000000e+03 2.250000000000000000e+01 2.740000000000000213e+00
5.500000000000000000e+03 3.575000000000000000e+03 2.083999999999999986e+01 2.879999999999999893e+00
6.000000000000000000e+03 3.688000000000000000e+03 1.942999999999999972e+01 3.020000000000000018e+00
6.500000000000000000e+03 3.784000000000000000e+03 1.821000000000000085e+01 3.149999999999999911e+00
7.000000000000000000e+03 3.865000000000000000e+03 1.714999999999999858e+01 3.279999999999999805e+00
8.000000000000000000e+03 3.993000000000000000e+03 1.536999999999999922e+01 3.529999999999999805e+00
9.000000000000000000e+03 4.084000000000000000e+03 1.396000000000000085e+01 3.779999999999999805e+00
1.000000000000000000e+04 4.149000000000000000e+03 1.280000000000000071e+01 4.019999999999999574e+00
