#Energy(keV)    dEe/dx(keV/micro_m)  dEn/dx(keV/micro_m)  x(micro_m)
9.999990000000000268e-03 9.595000000000000195e-01 1.807999999999999829e+01 5.000000000000000104e-04
1.099989999999999996e-02 1.006000000000000005e+00 1.905999999999999872e+01 5.000000000000000104e-04
1.199990000000000084e-02 1.050999999999999934e+00 1.998999999999999844e+01 5.000000000000000104e-04
1.299990000000000000e-02 1.094000000000000083e+00 2.089000000000000057e+01 5.000000000000000104e-04
1.399990000000000089e-02 1.135000000000000009e+00 2.175000000000000000e+01 6.000000000000000559e-04
1.499990000000000004e-02 1.175000000000000044e+00 2.257000000000000028e+01 6.000000000000000559e-04
1.599990000000000093e-02 1.213999999999999968e+00 2.337000000000000099e+01 6.000000000000000559e-04
1.699990000000000182e-02 1.250999999999999890e+00 2.414000000000000057e+01 6.000000000000000559e-04
1.799989999999999923e-02 1.286999999999999922e+00 2.487999999999999901e+01 6.000000000000000559e-04
1.999990000000000101e-02 1.356999999999999984e+00 2.630000000000000071e+01 6.000000000000000559e-04
2.249989999999999976e-02 1.439000000000000057e+00 2.796999999999999886e+01 6.999999999999999929e-04
2.499990000000000198e-02 1.516999999999999904e+00 2.953000000000000114e+01 6.999999999999999929e-04
2.749990000000000073e-02 1.590999999999999970e+00 3.100000000000000000e+01 6.999999999999999929e-04
2.999989999999999948e-02 1.661999999999999922e+00 3.239000000000000057e+01 8.000000000000000383e-04
3.249989999999999823e-02 1.729999999999999982e+00 3.371999999999999886e+01 8.000000000000000383e-04
3.499990000000000046e-02 1.794999999999999929e+00 3.497999999999999687e+01 8.000000000000000383e-04
3.749989999999999574e-02 1.858000000000000096e+00 3.618999999999999773e+01 9.000000000000000838e-04
3.999989999999999796e-02 1.919000000000000039e+00 3.735000000000000142e+01 9.000000000000000838e-04
4.499989999999999546e-02 2.035000000000000142e+00 3.953000000000000114e+01 9.000000000000000838e-04
4.999989999999999990e-02 2.145000000000000018e+00 4.157000000000000028e+01 1.000000000000000021e-03
5.499989999999999740e-02 2.250000000000000000e+00 4.346999999999999886e+01 1.000000000000000021e-03
5.999989999999999490e-02 2.350000000000000089e+00 4.525999999999999801e+01 1.100000000000000066e-03
6.499989999999999934e-02 2.446000000000000174e+00 4.695000000000000284e+01 1.100000000000000066e-03
6.999990000000000379e-02 2.539000000000000146e+00 4.856000000000000227e+01 1.200000000000000112e-03
7.999989999999999879e-02 2.713999999999999968e+00 5.153999999999999915e+01 1.200000000000000112e-03
8.999989999999999379e-02 2.878000000000000114e+00 5.427000000000000313e+01 1.300000000000000157e-03
9.999990000000000268e-02 3.033999999999999808e+00 5.678999999999999915e+01 1.399999999999999986e-03
1.100000000000000006e-01 3.181999999999999940e+00 5.911999999999999744e+01 1.500000000000000031e-03
1.199999999999999956e-01 3.323999999999999844e+00 6.129999999999999716e+01 1.500000000000000031e-03
1.300000000000000044e-01 3.459000000000000075e+00 6.335000000000000142e+01 1.600000000000000077e-03
1.399989999999999846e-01 3.589999999999999858e+00 6.528000000000000114e+01 1.700000000000000122e-03
1.499989999999999934e-01 3.716000000000000192e+00 6.709999999999999432e+01 1.700000000000000122e-03
1.599990000000000023e-01 3.838000000000000078e+00 6.881999999999999318e+01 1.800000000000000168e-03
1.699990000000000112e-01 3.955999999999999961e+00 7.045999999999999375e+01 1.899999999999999996e-03
1.799989999999999923e-01 4.070999999999999730e+00 7.203000000000000114e+01 1.899999999999999996e-03
1.999990000000000101e-01 4.291000000000000369e+00 7.495000000000000284e+01 2.000000000000000042e-03
2.249990000000000046e-01 4.551000000000000156e+00 7.826999999999999602e+01 2.200000000000000133e-03
2.499989999999999990e-01 4.796999999999999709e+00 8.129000000000000625e+01 2.299999999999999961e-03
2.749990000000000490e-01 5.032000000000000028e+00 8.406000000000000227e+01 2.500000000000000052e-03
2.999990000000000157e-01 5.254999999999999893e+00 8.659999999999999432e+01 2.600000000000000314e-03
3.249990000000000379e-01 5.469999999999999751e+00 8.895999999999999375e+01 2.700000000000000143e-03
3.499990000000000046e-01 5.676000000000000156e+00 9.115000000000000568e+01 2.799999999999999972e-03
3.749990000000000268e-01 5.876000000000000334e+00 9.320000000000000284e+01 3.000000000000000062e-03
3.999990000000000490e-01 6.067999999999999616e+00 9.512999999999999545e+01 3.100000000000000325e-03
4.499990000000000379e-01 6.437000000000000277e+00 9.864000000000000057e+01 3.299999999999999982e-03
4.999990000000000268e-01 6.785000000000000142e+00 1.017999999999999972e+02 3.600000000000000335e-03
5.499990000000000157e-01 7.115999999999999659e+00 1.045999999999999943e+02 3.799999999999999992e-03
5.999990000000000601e-01 7.432000000000000384e+00 1.072000000000000028e+02 4.000000000000000083e-03
6.499989999999999934e-01 7.735999999999999766e+00 1.095000000000000000e+02 4.200000000000000608e-03
6.999990000000000379e-01 8.028000000000000469e+00 1.117000000000000028e+02 4.400000000000000265e-03
7.999990000000000157e-01 8.582000000000000739e+00 1.155000000000000000e+02 4.899999999999999842e-03
8.999989999999999934e-01 9.102999999999999758e+00 1.189000000000000057e+02 5.300000000000000024e-03
9.999990000000000823e-01 9.595000000000000639e+00 1.217999999999999972e+02 5.700000000000000205e-03
1.100000000000000089e+00 1.006000000000000050e+01 1.242999999999999972e+02 6.100000000000000387e-03
1.199999999999999956e+00 1.050999999999999979e+01 1.265999999999999943e+02 6.400000000000000307e-03
1.300000000000000044e+00 1.093999999999999950e+01 1.285999999999999943e+02 6.800000000000000488e-03
1.399999999999999911e+00 1.134999999999999964e+01 1.304000000000000057e+02 7.200000000000000670e-03
1.500000000000000000e+00 1.175000000000000000e+01 1.320999999999999943e+02 7.599999999999999985e-03
1.600000000000000089e+00 1.214000000000000057e+01 1.335999999999999943e+02 8.000000000000000167e-03
1.699999999999999956e+00 1.250999999999999979e+01 1.349000000000000057e+02 8.300000000000000086e-03
1.800000000000000044e+00 1.286999999999999922e+01 1.361999999999999886e+02 8.700000000000001135e-03
2.000000000000000000e+00 1.357000000000000028e+01 1.383000000000000114e+02 9.400000000000000369e-03
2.250000000000000000e+00 1.439000000000000057e+01 1.405999999999999943e+02 1.030000000000000013e-02
2.500000000000000000e+00 1.516999999999999993e+01 1.424000000000000057e+02 1.119999999999999989e-02
2.750000000000000000e+00 1.591000000000000014e+01 1.438000000000000114e+02 1.210000000000000138e-02
3.000000000000000000e+00 1.662000000000000099e+01 1.450000000000000000e+02 1.300000000000000114e-02
3.250000000000000000e+00 1.730000000000000071e+01 1.460000000000000000e+02 1.380000000000000150e-02
3.500000000000000000e+00 1.794999999999999929e+01 1.468000000000000114e+02 1.470000000000000126e-02
3.750000000000000000e+00 1.857999999999999829e+01 1.474000000000000057e+02 1.560000000000000102e-02
4.000000000000000000e+00 1.919000000000000128e+01 1.479000000000000057e+02 1.650000000000000078e-02
4.500000000000000000e+00 2.035999999999999943e+01 1.485999999999999943e+02 1.820000000000000090e-02
5.000000000000000000e+00 2.146000000000000085e+01 1.490000000000000000e+02 1.990000000000000102e-02
5.500000000000000000e+00 2.251000000000000156e+01 1.490000000000000000e+02 2.160000000000000114e-02
6.000000000000000000e+00 2.351000000000000156e+01 1.489000000000000057e+02 2.340000000000000066e-02
6.500000000000000000e+00 2.446999999999999886e+01 1.486999999999999886e+02 2.510000000000000078e-02
7.000000000000000000e+00 2.539000000000000057e+01 1.483000000000000114e+02 2.690000000000000030e-02
8.000000000000000000e+00 2.714999999999999858e+01 1.471999999999999886e+02 3.039999999999999994e-02
9.000000000000000000e+00 2.878999999999999915e+01 1.459000000000000057e+02 3.389999999999999958e-02
1.000000000000000000e+01 3.035000000000000142e+01 1.444000000000000057e+02 3.749999999999999861e-02
1.100000000000000000e+01 3.182999999999999829e+01 1.428000000000000114e+02 4.110000000000000459e-02
1.200000000000000000e+01 3.325000000000000000e+01 1.411999999999999886e+02 4.470000000000000362e-02
1.300000000000000000e+01 3.460999999999999943e+01 1.395000000000000000e+02 4.840000000000000552e-02
1.400000000000000000e+01 3.590999999999999659e+01 1.378000000000000114e+02 5.200000000000000455e-02
1.500000000000000000e+01 3.717000000000000171e+01 1.361999999999999886e+02 5.580000000000000238e-02
1.600000000000000000e+01 3.839000000000000057e+01 1.345000000000000000e+02 5.950000000000000427e-02
1.700000000000000000e+01 3.957999999999999829e+01 1.329000000000000057e+02 6.330000000000000904e-02
1.800000000000000000e+01 4.071999999999999886e+01 1.313000000000000114e+02 6.710000000000000686e-02
2.000000000000000000e+01 4.292999999999999972e+01 1.280999999999999943e+02 7.480000000000000537e-02
2.250000000000000000e+01 4.553000000000000114e+01 1.244000000000000057e+02 8.460000000000000853e-02
2.500000000000000000e+01 4.800000000000000000e+01 1.209000000000000057e+02 9.460000000000000353e-02
2.750000000000000000e+01 5.034000000000000341e+01 1.175999999999999943e+02 1.047000000000000014e-01
3.000000000000000000e+01 5.257999999999999829e+01 1.144000000000000057e+02 1.150000000000000050e-01
3.250000000000000000e+01 5.546000000000000085e+01 1.115000000000000000e+02 1.254000000000000115e-01
3.500000000000000000e+01 5.999000000000000199e+01 1.087000000000000028e+02 1.358000000000000040e-01
3.750000000000000000e+01 6.309000000000000341e+01 1.060999999999999943e+02 1.461000000000000076e-01
4.000000000000000000e+01 6.526999999999999602e+01 1.035999999999999943e+02 1.566000000000000170e-01
4.500000000000000000e+01 6.812000000000000455e+01 9.904000000000000625e+01 1.778000000000000136e-01
5.000000000000000000e+01 7.010999999999999943e+01 9.492000000000000171e+01 1.995999999999999996e-01
5.500000000000000000e+01 7.193000000000000682e+01 9.118000000000000682e+01 2.219000000000000139e-01
6.000000000000000000e+01 7.387999999999999545e+01 8.778000000000000114e+01 2.446000000000000119e-01
6.500000000000000000e+01 7.606000000000000227e+01 8.467000000000000171e+01 2.676000000000000045e-01
7.000000000000000000e+01 7.846999999999999886e+01 8.181000000000000227e+01 2.908999999999999919e-01
8.000000000000000000e+01 8.393999999999999773e+01 7.671999999999999886e+01 3.381000000000000116e-01
9.000000000000000000e+01 9.004000000000000625e+01 7.232999999999999829e+01 3.855000000000000093e-01
1.000000000000000000e+02 9.650000000000000000e+01 6.850000000000000000e+01 4.327000000000000290e-01
1.100000000000000000e+02 1.030999999999999943e+02 6.510999999999999943e+01 4.796000000000000263e-01
1.200000000000000000e+02 1.097999999999999972e+02 6.210000000000000142e+01 5.259000000000000341e-01
1.300000000000000000e+02 1.165000000000000000e+02 5.939999999999999858e+01 5.715999999999999970e-01
1.400000000000000000e+02 1.230999999999999943e+02 5.696000000000000085e+01 6.167000000000000259e-01
1.500000000000000000e+02 1.295000000000000000e+02 5.474000000000000199e+01 6.611000000000000210e-01
1.600000000000000000e+02 1.358000000000000114e+02 5.271000000000000085e+01 7.047999999999999821e-01
1.700000000000000000e+02 1.420000000000000000e+02 5.085999999999999943e+01 7.478000000000000203e-01
1.800000000000000000e+02 1.480000000000000000e+02 4.914000000000000057e+01 7.901000000000000245e-01
2.000000000000000000e+02 1.595999999999999943e+02 4.609000000000000341e+01 8.729999999999999982e-01
2.250000000000000000e+02 1.734000000000000057e+02 4.284000000000000341e+01 9.731000000000000760e-01
2.500000000000000000e+02 1.865000000000000000e+02 4.007999999999999829e+01 1.070000000000000062e+00
2.750000000000000000e+02 1.990000000000000000e+02 3.768999999999999773e+01 1.159999999999999920e+00
3.000000000000000000e+02 2.108000000000000114e+02 3.560999999999999943e+01 1.250000000000000000e+00
3.250000000000000000e+02 2.220999999999999943e+02 3.378000000000000114e+01 1.340000000000000080e+00
3.500000000000000000e+02 2.330000000000000000e+02 3.214999999999999858e+01 1.429999999999999938e+00
3.750000000000000000e+02 2.434000000000000057e+02 3.069000000000000128e+01 1.510000000000000009e+00
4.000000000000000000e+02 2.535000000000000000e+02 2.937000000000000099e+01 1.590000000000000080e+00
4.500000000000000000e+02 2.726999999999999886e+02 2.707999999999999829e+01 1.750000000000000000e+00
5.000000000000000000e+02 2.911999999999999886e+02 2.516000000000000014e+01 1.889999999999999902e+00
5.500000000000000000e+02 3.093999999999999773e+02 2.353000000000000114e+01 2.040000000000000036e+00
6.000000000000000000e+02 3.276999999999999886e+02 2.212000000000000099e+01 2.169999999999999929e+00
6.500000000000000000e+02 3.461999999999999886e+02 2.087999999999999901e+01 2.299999999999999822e+00
7.000000000000000000e+02 3.651999999999999886e+02 1.978999999999999915e+01 2.430000000000000160e+00
8.000000000000000000e+02 4.041999999999999886e+02 1.794999999999999929e+01 2.660000000000000142e+00
9.000000000000000000e+02 4.446000000000000227e+02 1.646000000000000085e+01 2.879999999999999893e+00
1.000000000000000000e+03 4.858000000000000114e+02 1.521000000000000085e+01 3.080000000000000071e+00
1.100000000000000000e+03 5.272000000000000455e+02 1.416000000000000014e+01 3.259999999999999787e+00
1.200000000000000000e+03 5.683999999999999773e+02 1.325999999999999979e+01 3.430000000000000160e+00
1.300000000000000000e+03 6.088999999999999773e+02 1.248000000000000043e+01 3.589999999999999858e+00
1.400000000000000000e+03 6.485000000000000000e+02 1.178999999999999915e+01 3.750000000000000000e+00
1.500000000000000000e+03 6.868999999999999773e+02 1.117999999999999972e+01 3.890000000000000124e+00
1.600000000000000000e+03 7.238999999999999773e+02 1.063000000000000078e+01 4.019999999999999574e+00
1.700000000000000000e+03 7.595000000000000000e+02 1.015000000000000036e+01 4.150000000000000355e+00
1.800000000000000000e+03 7.935000000000000000e+02 9.705000000000000071e+00 4.280000000000000249e+00
2.000000000000000000e+03 8.570000000000000000e+02 8.936999999999999389e+00 4.509999999999999787e+00
2.250000000000000000e+03 9.277999999999999545e+02 8.146000000000000796e+00 4.790000000000000036e+00
2.500000000000000000e+03 9.897999999999999545e+02 7.493999999999999773e+00 5.040000000000000036e+00
2.750000000000000000e+03 1.044000000000000000e+03 6.945999999999999730e+00 5.280000000000000249e+00
3.000000000000000000e+03 1.091000000000000000e+03 6.479000000000000092e+00 5.509999999999999787e+00
3.250000000000000000e+03 1.133000000000000000e+03 6.075000000000000178e+00 5.730000000000000426e+00
3.500000000000000000e+03 1.170000000000000000e+03 5.722999999999999865e+00 5.950000000000000178e+00
3.750000000000000000e+03 1.203000000000000000e+03 5.411999999999999922e+00 6.160000000000000142e+00
4.000000000000000000e+03 1.232000000000000000e+03 5.136000000000000121e+00 6.360000000000000320e+00
4.500000000000000000e+03 1.282000000000000000e+03 4.666999999999999815e+00 6.750000000000000000e+00
5.000000000000000000e+03 1.324000000000000000e+03 4.280999999999999694e+00 7.129999999999999893e+00
5.500000000000000000e+03 1.359000000000000000e+03 3.959000000000000075e+00 7.500000000000000000e+00
6.000000000000000000e+03 1.388000000000000000e+03 3.685000000000000053e+00 7.860000000000000320e+00
6.500000000000000000e+03 1.413000000000000000e+03 3.448999999999999844e+00 8.220000000000000639e+00
7.000000000000000000e+03 1.433000000000000000e+03 3.242999999999999883e+00 8.570000000000000284e+00
8.000000000000000000e+03 1.459000000000000000e+03 2.902000000000000135e+00 9.250000000000000000e+00
9.000000000000000000e+03 1.470000000000000000e+03 2.629999999999999893e+00 9.929999999999999716e+00
1.000000000000000000e+04 1.469000000000000000e+03 2.407000000000000028e+00 1.060999999999999943e+01
