#Energy(keV)    dEe/dx(keV/micro_m)  dEn/dx(keV/micro_m)  x(micro_m) LastWrongU
0.00999999     6.595E+00  3.884E+01       0.0003          2          1    
0.0109999     6.916E+00  4.088E+01       0.0003          2          1    
0.0119999     7.224E+00  4.281E+01       0.0003          2          1    
0.0129999     7.519E+00  4.465E+01       0.0003          2          1    
0.0139999     7.803E+00  4.642E+01       0.0003          2          1    
0.0149999     8.077E+00  4.811E+01       0.0003          2          1    
0.0159999     8.342E+00  4.974E+01       0.0003          2          2    
0.0169999     8.598E+00  5.131E+01       0.0004          2          2    
0.0179999     8.848E+00  5.283E+01       0.0004          2          2    
0.0199999     9.326E+00  5.572E+01       0.0004          2          2    
0.0224999     9.892E+00  5.909E+01       0.0004          2          2    
0.0249999     1.043E+01  6.223E+01       0.0004          3          2    
0.0274999     1.094E+01  6.519E+01       0.0004          3          2    
0.0299999     1.142E+01  6.797E+01       0.0005          3          2    
0.0324999     1.189E+01  7.061E+01       0.0005          3          2    
0.0349999     1.234E+01  7.312E+01       0.0005          3          2    
0.0374999     1.277E+01  7.551E+01       0.0005          3          2    
0.0399999     1.319E+01  7.780E+01       0.0005          3          2    
0.0449999     1.399E+01  8.210E+01       0.0006          3          2    
0.0499999     1.475E+01  8.607E+01       0.0006          4          3    
0.0549999     1.547E+01  8.978E+01       0.0006          4          3    
0.0599999     1.615E+01  9.325E+01       0.0006          4          3    
0.0649999     1.681E+01  9.651E+01       0.0007          4          3    
0.0699999     1.745E+01  9.959E+01       0.0007          4          3    
0.0799999     1.865E+01  1.053E+02       0.0007          4          3    
0.0899999     1.978E+01  1.105E+02       0.0008          5          3    
0.0999999     2.085E+01  1.152E+02       0.0008          5          4    
0.110     2.187E+01  1.196E+02       0.0009          5          4    
0.120     2.284E+01  1.236E+02       0.0009          5          4    
0.130     2.378E+01  1.274E+02      0.0010          6          4    
0.139999     2.467E+01  1.310E+02      0.0010          6          4    
0.149999     2.554E+01  1.343E+02      0.0011          6          4    
0.159999     2.638E+01  1.375E+02      0.0011          6          4    
0.169999     2.719E+01  1.404E+02      0.0011          6          5    
0.179999     2.798E+01  1.433E+02      0.0012          7          5    
0.199999     2.949E+01  1.485E+02      0.0012          7          5    
0.224999     3.128E+01  1.545E+02      0.0013          7          5    
0.249999     3.297E+01  1.598E+02      0.0014          8          6    
0.274999     3.458E+01  1.646E+02      0.0015          8          6    
0.299999     3.612E+01  1.690E+02      0.0016          9          6    
0.324999     3.759E+01  1.731E+02      0.0017          9          6    
0.349999     3.901E+01  1.769E+02      0.0017          9          7    
0.374999     4.038E+01  1.803E+02      0.0018         10          7    
0.399999     4.171E+01  1.836E+02      0.0019         10          7    
0.449999     4.424E+01  1.894E+02      0.0020         11          8    
0.499999     4.663E+01  1.946E+02      0.0022         11          8    
0.549999     4.890E+01  1.992E+02      0.0023         12          9    
0.599999     5.108E+01  2.034E+02      0.0024         12          9    
0.649999     5.316E+01  2.071E+02      0.0026         13         10    
0.699999     5.517E+01  2.105E+02      0.0027         14         10    
0.799999     5.898E+01  2.164E+02      0.0030         15         11    
0.899999     6.256E+01  2.214E+02      0.0032         16         12    
0.999999     6.594E+01  2.256E+02      0.0035         17         12    
1.10    6.916E+01  2.293E+02      0.0037         18         13    
1.20    7.223E+01  2.325E+02      0.0039         19         14    
1.30    7.518E+01  2.352E+02      0.0042         20         15    
1.40    7.802E+01  2.377E+02      0.0044         20         15    
1.50    8.076E+01  2.398E+02      0.0046         21         16    
1.60    8.340E+01  2.417E+02      0.0048         22         17    
1.70    8.597E+01  2.433E+02      0.0051         23         17    
1.80    8.846E+01  2.447E+02      0.0053         24         18    
2.00    9.325E+01  2.471E+02      0.0057         26         19    
2.25    9.890E+01  2.494E+02      0.0063         28         21    
2.50    1.043E+02  2.510E+02      0.0068         30         22    
2.75    1.093E+02  2.521E+02      0.0073         32         24    
3.00    1.142E+02  2.528E+02      0.0078         33         25    
3.25    1.189E+02  2.532E+02      0.0083         35         26    
3.50    1.233E+02  2.533E+02      0.0088         37         28    
3.75    1.277E+02  2.532E+02      0.0093         39         29    
4.00    1.319E+02  2.529E+02      0.0098         41         30    
4.50    1.399E+02  2.520E+02     0.0108         44         33    
5.00    1.474E+02  2.506E+02     0.0118         47         35    
5.50    1.546E+02  2.489E+02     0.0128         51         38    
6.00    1.615E+02  2.471E+02     0.0138         54         40    
6.50    1.681E+02  2.451E+02     0.0147         57         42    
7.00    1.744E+02  2.430E+02     0.0157         60         45    
8.00    1.865E+02  2.386E+02     0.0176         66         49    
9.00    1.978E+02  2.341E+02     0.0195         72         53    
10.00    2.085E+02  2.297E+02     0.0213         77         58    
11.00    2.186E+02  2.253E+02     0.0232         82         62    
12.00    2.283E+02  2.210E+02     0.0251         87         66    
13.00    2.377E+02  2.169E+02     0.0269         92         70    
14.00    2.466E+02  2.129E+02     0.0287         97         74    
15.00    2.553E+02  2.090E+02     0.0305        102         77    
16.00    2.637E+02  2.052E+02     0.0323        106         81    
17.00    2.718E+02  2.016E+02     0.0341        111         85    
18.00    2.796E+02  1.982E+02     0.0359        115         88    
20.00    2.948E+02  1.916E+02     0.0395        123         95    
22.50    3.126E+02  1.841E+02     0.0438        133        104    
25.00    3.295E+02  1.772E+02     0.0482        143        112    
27.50    3.456E+02  1.708E+02     0.0524        151        120    
30.00    3.609E+02  1.650E+02     0.0566        160        128    
32.50    3.740E+02  1.597E+02     0.0608        168        135    
35.00    3.813E+02  1.547E+02     0.0650        175        143    
37.50    3.898E+02  1.501E+02     0.0691        182        150    
40.00    3.991E+02  1.458E+02     0.0732        190        157    
45.00    4.190E+02  1.380E+02     0.0814        203        170    
50.00    4.396E+02  1.311E+02     0.0894        216        183    
55.00    4.601E+02  1.250E+02     0.0973        227        195    
60.00    4.800E+02  1.196E+02    0.1050        238        207    
65.00    4.991E+02  1.146E+02    0.1126        248        218    
70.00    5.173E+02  1.102E+02    0.1201        258        229    
80.00    5.508E+02  1.023E+02    0.1346        275        249    
90.00    5.811E+02  9.569E+01    0.1486        291        268    
100.00    6.096E+02  8.999E+01    0.1623        305        286    
110.00    6.373E+02  8.502E+01    0.1755        318        302    
120.00    6.646E+02  8.065E+01    0.1884        330        317    
130.00    6.916E+02  7.677E+01    0.2010        340        332    
140.00    7.181E+02  7.329E+01    0.2132        350        345    
150.00    7.439E+02  7.016E+01    0.2251        359        358    
160.00    7.691E+02  6.733E+01    0.2367        368        370    
170.00    7.937E+02  6.474E+01    0.2481        375        382    
180.00    8.177E+02  6.237E+01    0.2591        383        392    
200.00    8.642E+02  5.818E+01    0.2805        396        413    
225.00    9.203E+02  5.377E+01    0.3060        411        435    
250.00    9.748E+02  5.005E+01    0.3303        424        456    
275.00    1.028E+03  4.687E+01    0.3535        436        474    
300.00    1.081E+03  4.411E+01    0.3757        446        491    
325.00    1.134E+03  4.170E+01    0.3969        455        506    
350.00    1.186E+03  3.956E+01    0.4173        463        520    
375.00    1.238E+03  3.766E+01    0.4369        470        532    
400.00    1.290E+03  3.595E+01    0.4558        476        544    
450.00    1.392E+03  3.301E+01    0.4915        489        565    
500.00    1.492E+03  3.056E+01    0.5250        499        583    
550.00    1.592E+03  2.848E+01    0.5563        508        599    
600.00    1.689E+03  2.669E+01    0.5860        515        613    
650.00    1.784E+03  2.514E+01    0.6140        522        625    
700.00    1.877E+03  2.377E+01    0.6407        528        637    
800.00    2.058E+03  2.147E+01    0.6905        540        656    
900.00    2.229E+03  1.962E+01    0.7364        549        672    
1000.00    2.390E+03  1.809E+01    0.7790        557        685    
1000.10    2.542E+03  1.679E+01    0.8190        564        697    
1000.20    2.685E+03  1.569E+01    0.8569        570        707    
1000.30    2.819E+03  1.473E+01    0.8928        575        716    
1000.40    2.944E+03  1.390E+01    0.9272        580        724    
1000.50    3.060E+03  1.316E+01    0.9602        584        732    
1000.60    3.167E+03  1.250E+01    0.9921        588        738    
1000.70    3.266E+03  1.191E+01    1.02       591        744    
1000.80    3.358E+03  1.138E+01    1.05       594        750    
2000.00    3.519E+03  1.045E+01    1.11       603        760    
2000.25    3.681E+03  9.505E+00    1.18       614        771    
2000.50    3.805E+03  8.726E+00    1.25       623        780    
2000.75    3.895E+03  8.074E+00    1.31       632        789    
3000.00    3.954E+03  7.520E+00    1.37       641        796    
3000.25    3.988E+03  7.041E+00    1.44       649        803    
3000.50    3.999E+03  6.625E+00    1.50       656        810    
3000.75    3.991E+03  6.258E+00    1.56       664        816    
4000.00    3.966E+03  5.932E+00    1.62       671        822    
4000.50    3.876E+03  5.380E+00    1.75       698        833    
5000.00    3.748E+03  4.928E+00    1.88       725        844    
5000.50    3.595E+03  4.550E+00    2.02       753        854    
6000.00    3.430E+03  4.230E+00    2.16       782        865    
6000.50    3.263E+03  3.955E+00    2.31       813        875    
7000.00    3.098E+03  3.715E+00    2.47       845        886    
8000.00    2.797E+03  3.319E+00    2.81       977        909    
9000.00    2.545E+03  3.003E+00    3.18      1117        933    
10000.00    2.344E+03  2.745E+00    3.59      1264        960    