# Energy(keV)    dEe/dx(keV/micro_m)  dEn/dx(keV/micro_m)  x(micro_m)
9.999990000000000268e-03 1.957999999999999963e+00 4.000000000000000000e+01 3.000000000000000279e-04
1.099989999999999996e-02 2.052999999999999936e+00 4.232000000000000028e+01 3.000000000000000279e-04
1.199990000000000084e-02 2.145000000000000018e+00 4.453000000000000114e+01 3.000000000000000279e-04
1.299990000000000000e-02 2.232000000000000206e+00 4.667000000000000171e+01 3.000000000000000279e-04
1.399990000000000089e-02 2.315999999999999837e+00 4.871999999999999886e+01 3.000000000000000279e-04
1.499990000000000004e-02 2.398000000000000131e+00 5.071000000000000085e+01 3.000000000000000279e-04
1.599990000000000093e-02 2.475999999999999979e+00 5.263000000000000256e+01 4.000000000000000192e-04
1.699990000000000182e-02 2.552999999999999936e+00 5.449000000000000199e+01 4.000000000000000192e-04
1.799989999999999923e-02 2.626999999999999780e+00 5.629999999999999716e+01 4.000000000000000192e-04
1.999990000000000101e-02 2.769000000000000128e+00 5.977000000000000313e+01 4.000000000000000192e-04
2.249989999999999976e-02 2.936999999999999833e+00 6.386999999999999744e+01 4.000000000000000192e-04
2.499990000000000198e-02 3.095000000000000195e+00 6.773999999999999488e+01 4.000000000000000192e-04
2.749990000000000073e-02 3.246999999999999886e+00 7.140999999999999659e+01 4.000000000000000192e-04
2.999989999999999948e-02 3.391000000000000014e+00 7.490999999999999659e+01 5.000000000000000104e-04
3.249989999999999823e-02 3.528999999999999915e+00 7.826000000000000512e+01 5.000000000000000104e-04
3.499990000000000046e-02 3.662999999999999812e+00 8.146999999999999886e+01 5.000000000000000104e-04
3.749989999999999574e-02 3.790999999999999925e+00 8.456000000000000227e+01 5.000000000000000104e-04
3.999989999999999796e-02 3.915000000000000036e+00 8.753000000000000114e+01 5.000000000000000104e-04
4.499989999999999546e-02 4.152999999999999581e+00 9.318999999999999773e+01 5.000000000000000104e-04
4.999989999999999990e-02 4.378000000000000114e+00 9.850000000000000000e+01 6.000000000000000559e-04
5.499989999999999740e-02 4.591000000000000192e+00 1.035000000000000000e+02 6.000000000000000559e-04
5.999989999999999490e-02 4.794999999999999929e+00 1.082999999999999972e+02 6.000000000000000559e-04
6.499989999999999934e-02 4.990999999999999659e+00 1.127999999999999972e+02 6.000000000000000559e-04
6.999990000000000379e-02 5.179999999999999716e+00 1.170999999999999943e+02 6.999999999999999929e-04
7.999989999999999879e-02 5.536999999999999922e+00 1.252000000000000028e+02 6.999999999999999929e-04
8.999989999999999379e-02 5.873000000000000220e+00 1.328000000000000114e+02 6.999999999999999929e-04
9.999990000000000268e-02 6.190999999999999837e+00 1.398000000000000114e+02 8.000000000000000383e-04
1.100000000000000006e-01 6.493000000000000327e+00 1.463000000000000114e+02 8.000000000000000383e-04
1.199999999999999956e-01 6.782000000000000028e+00 1.525000000000000000e+02 8.000000000000000383e-04
1.300000000000000044e-01 7.059000000000000163e+00 1.584000000000000057e+02 9.000000000000000838e-04
1.399989999999999846e-01 7.325000000000000178e+00 1.640000000000000000e+02 9.000000000000000838e-04
1.499989999999999934e-01 7.581999999999999851e+00 1.693000000000000114e+02 9.000000000000000838e-04
1.599990000000000023e-01 7.831000000000000405e+00 1.744000000000000057e+02 1.000000000000000021e-03
1.699990000000000112e-01 8.071999999999999176e+00 1.791999999999999886e+02 1.000000000000000021e-03
1.799989999999999923e-01 8.305999999999999162e+00 1.839000000000000057e+02 1.000000000000000021e-03
1.999990000000000101e-01 8.756000000000000227e+00 1.926999999999999886e+02 1.100000000000000066e-03
2.249990000000000046e-01 9.287000000000000810e+00 2.028000000000000114e+02 1.200000000000000112e-03
2.499989999999999990e-01 9.788999999999999702e+00 2.121999999999999886e+02 1.200000000000000112e-03
2.749990000000000490e-01 1.026999999999999957e+01 2.209000000000000057e+02 1.300000000000000157e-03
2.999990000000000157e-01 1.072000000000000064e+01 2.290000000000000000e+02 1.300000000000000157e-03
3.249990000000000379e-01 1.116000000000000014e+01 2.365999999999999943e+02 1.399999999999999986e-03
3.499990000000000046e-01 1.158000000000000007e+01 2.438000000000000114e+02 1.399999999999999986e-03
3.749990000000000268e-01 1.199000000000000021e+01 2.505000000000000000e+02 1.500000000000000031e-03
3.999990000000000490e-01 1.238000000000000078e+01 2.570000000000000000e+02 1.600000000000000077e-03
4.499990000000000379e-01 1.313000000000000078e+01 2.688999999999999773e+02 1.700000000000000122e-03
4.999990000000000268e-01 1.383999999999999986e+01 2.796999999999999886e+02 1.800000000000000168e-03
5.499990000000000157e-01 1.451999999999999957e+01 2.896999999999999886e+02 1.899999999999999996e-03
5.999990000000000601e-01 1.516999999999999993e+01 2.988999999999999773e+02 2.000000000000000042e-03
6.499989999999999934e-01 1.577999999999999936e+01 3.073999999999999773e+02 2.000000000000000042e-03
6.999990000000000379e-01 1.637999999999999901e+01 3.153999999999999773e+02 2.100000000000000304e-03
7.999990000000000157e-01 1.751000000000000156e+01 3.298999999999999773e+02 2.299999999999999961e-03
8.999989999999999934e-01 1.857000000000000028e+01 3.428000000000000114e+02 2.500000000000000052e-03
9.999990000000000823e-01 1.957999999999999829e+01 3.543999999999999773e+02 2.600000000000000314e-03
1.100000000000000089e+00 2.053999999999999915e+01 3.648999999999999773e+02 2.799999999999999972e-03
1.199999999999999956e+00 2.144999999999999929e+01 3.745000000000000000e+02 3.000000000000000062e-03
1.300000000000000044e+00 2.232000000000000028e+01 3.833000000000000114e+02 3.100000000000000325e-03
1.399999999999999911e+00 2.317000000000000171e+01 3.913999999999999773e+02 3.299999999999999982e-03
1.500000000000000000e+00 2.398000000000000043e+01 3.988999999999999773e+02 3.400000000000000244e-03
1.600000000000000089e+00 2.476999999999999957e+01 4.058999999999999773e+02 3.500000000000000073e-03
1.699999999999999956e+00 2.553000000000000114e+01 4.125000000000000000e+02 3.700000000000000164e-03
1.800000000000000044e+00 2.626999999999999957e+01 4.186000000000000227e+02 3.799999999999999992e-03
2.000000000000000000e+00 2.769000000000000128e+01 4.296999999999999886e+02 4.100000000000000346e-03
2.250000000000000000e+00 2.937000000000000099e+01 4.418000000000000114e+02 4.500000000000000527e-03
2.500000000000000000e+00 3.096000000000000085e+01 4.525000000000000000e+02 4.800000000000000447e-03
2.750000000000000000e+00 3.246999999999999886e+01 4.618000000000000114e+02 5.100000000000000366e-03
3.000000000000000000e+00 3.392000000000000171e+01 4.701000000000000227e+02 5.400000000000000286e-03
3.250000000000000000e+00 3.529999999999999716e+01 4.775000000000000000e+02 5.700000000000000205e-03
3.500000000000000000e+00 3.663000000000000256e+01 4.841000000000000227e+02 6.100000000000000387e-03
3.750000000000000000e+00 3.792000000000000171e+01 4.901000000000000227e+02 6.400000000000000307e-03
4.000000000000000000e+00 3.915999999999999659e+01 4.955000000000000000e+02 6.700000000000000226e-03
4.500000000000000000e+00 4.153999999999999915e+01 5.048999999999999773e+02 7.300000000000000065e-03
5.000000000000000000e+00 4.378999999999999915e+01 5.127000000000000455e+02 7.900000000000000772e-03
5.500000000000000000e+00 4.592999999999999972e+01 5.192999999999999545e+02 8.500000000000000611e-03
6.000000000000000000e+00 4.796999999999999886e+01 5.247999999999999545e+02 9.100000000000000450e-03
6.500000000000000000e+00 4.992999999999999972e+01 5.293999999999999773e+02 9.600000000000000894e-03
7.000000000000000000e+00 5.181000000000000227e+01 5.332999999999999545e+02 1.020000000000000073e-02
8.000000000000000000e+00 5.539000000000000057e+01 5.393999999999999773e+02 1.140000000000000041e-02
9.000000000000000000e+00 5.875000000000000000e+01 5.437000000000000455e+02 1.250000000000000069e-02
1.000000000000000000e+01 6.192999999999999972e+01 5.466000000000000227e+02 1.360000000000000098e-02
1.100000000000000000e+01 6.495999999999999375e+01 5.485000000000000000e+02 1.480000000000000066e-02
1.200000000000000000e+01 6.784999999999999432e+01 5.495000000000000000e+02 1.590000000000000094e-02
1.300000000000000000e+01 7.062000000000000455e+01 5.497999999999999545e+02 1.700000000000000122e-02
1.400000000000000000e+01 7.329000000000000625e+01 5.496000000000000227e+02 1.820000000000000090e-02
1.500000000000000000e+01 7.585999999999999943e+01 5.490000000000000000e+02 1.930000000000000118e-02
1.600000000000000000e+01 7.834999999999999432e+01 5.480000000000000000e+02 2.040000000000000147e-02
1.700000000000000000e+01 8.076000000000000512e+01 5.467000000000000455e+02 2.150000000000000175e-02
1.800000000000000000e+01 8.309999999999999432e+01 5.451000000000000227e+02 2.270000000000000143e-02
2.000000000000000000e+01 8.759999999999999432e+01 5.415000000000000000e+02 2.500000000000000139e-02
2.250000000000000000e+01 9.292000000000000171e+01 5.362000000000000455e+02 2.780000000000000179e-02
2.500000000000000000e+01 9.795000000000000284e+01 5.302999999999999545e+02 3.070000000000000159e-02
2.750000000000000000e+01 1.027000000000000028e+02 5.241000000000000227e+02 3.360000000000000486e-02
3.000000000000000000e+01 1.072999999999999972e+02 5.177999999999999545e+02 3.650000000000000466e-02
3.250000000000000000e+01 1.117000000000000028e+02 5.113000000000000114e+02 3.950000000000000039e-02
3.500000000000000000e+01 1.159000000000000057e+02 5.048999999999999773e+02 4.250000000000000305e-02
3.750000000000000000e+01 1.200000000000000000e+02 4.983999999999999773e+02 4.549999999999999878e-02
4.000000000000000000e+01 1.239000000000000057e+02 4.921000000000000227e+02 4.850000000000000144e-02
4.500000000000000000e+01 1.315000000000000000e+02 4.796999999999999886e+02 5.470000000000000556e-02
5.000000000000000000e+01 1.385999999999999943e+02 4.678000000000000114e+02 6.090000000000000274e-02
5.500000000000000000e+01 1.453000000000000114e+02 4.565000000000000000e+02 6.720000000000000973e-02
6.000000000000000000e+01 1.495999999999999943e+02 4.456000000000000227e+02 7.359999999999999876e-02
6.500000000000000000e+01 1.544000000000000057e+02 4.353000000000000114e+02 8.010000000000000453e-02
7.000000000000000000e+01 1.599000000000000057e+02 4.255000000000000000e+02 8.669999999999999929e-02
8.000000000000000000e+01 1.711999999999999886e+02 4.073000000000000114e+02 1.001000000000000084e-01
9.000000000000000000e+01 1.820999999999999943e+02 3.908000000000000114e+02 1.138000000000000123e-01
1.000000000000000000e+02 1.920999999999999943e+02 3.758000000000000114e+02 1.276000000000000190e-01
1.100000000000000000e+02 2.011999999999999886e+02 3.621000000000000227e+02 1.417000000000000204e-01
1.200000000000000000e+02 2.095000000000000000e+02 3.495000000000000000e+02 1.559999999999999998e-01
1.300000000000000000e+02 2.170000000000000000e+02 3.378999999999999773e+02 1.703999999999999959e-01
1.400000000000000000e+02 2.240000000000000000e+02 3.271999999999999886e+02 1.849999999999999978e-01
1.500000000000000000e+02 2.305000000000000000e+02 3.173000000000000114e+02 1.998000000000000054e-01
1.600000000000000000e+02 2.365999999999999943e+02 3.080000000000000000e+02 2.148000000000000187e-01
1.700000000000000000e+02 2.424000000000000057e+02 2.993999999999999773e+02 2.298000000000000043e-01
1.800000000000000000e+02 2.480000000000000000e+02 2.913000000000000114e+02 2.451000000000000123e-01
2.000000000000000000e+02 2.588999999999999773e+02 2.766000000000000227e+02 2.757999999999999896e-01
2.250000000000000000e+02 2.720000000000000000e+02 2.606000000000000227e+02 3.148000000000000242e-01
2.500000000000000000e+02 2.853000000000000114e+02 2.465999999999999943e+02 3.542000000000000148e-01
2.750000000000000000e+02 2.986999999999999886e+02 2.341999999999999886e+02 3.939000000000000279e-01
3.000000000000000000e+02 3.125000000000000000e+02 2.233000000000000114e+02 4.336000000000000409e-01
3.250000000000000000e+02 3.266999999999999886e+02 2.134000000000000057e+02 4.732999999999999985e-01
3.500000000000000000e+02 3.411999999999999886e+02 2.045999999999999943e+02 5.128000000000000336e-01
3.750000000000000000e+02 3.560000000000000000e+02 1.965000000000000000e+02 5.520000000000000462e-01
4.000000000000000000e+02 3.710000000000000000e+02 1.891999999999999886e+02 5.908999999999999808e-01
4.500000000000000000e+02 4.018000000000000114e+02 1.761999999999999886e+02 6.674999999999999822e-01
5.000000000000000000e+02 4.331000000000000227e+02 1.651999999999999886e+02 7.422000000000000819e-01
5.500000000000000000e+02 4.645000000000000000e+02 1.555999999999999943e+02 8.147000000000000908e-01
6.000000000000000000e+02 4.958000000000000114e+02 1.473000000000000114e+02 8.852000000000000979e-01
6.500000000000000000e+02 5.268999999999999773e+02 1.399000000000000057e+02 9.536000000000000032e-01
7.000000000000000000e+02 5.576000000000000227e+02 1.333000000000000114e+02 1.020000000000000018e+00
8.000000000000000000e+02 6.175000000000000000e+02 1.220000000000000000e+02 1.149999999999999911e+00
9.000000000000000000e+02 6.752999999999999545e+02 1.127000000000000028e+02 1.270000000000000018e+00
1.000000000000000000e+03 7.308999999999999773e+02 1.049000000000000057e+02 1.379999999999999893e+00
1.100000000000000000e+03 7.843999999999999773e+02 9.821999999999999886e+01 1.489999999999999991e+00
1.200000000000000000e+03 8.360000000000000000e+02 9.243000000000000682e+01 1.590000000000000080e+00
1.300000000000000000e+03 8.857000000000000455e+02 8.734999999999999432e+01 1.689999999999999947e+00
1.400000000000000000e+03 9.337999999999999545e+02 8.287000000000000455e+01 1.790000000000000036e+00
1.500000000000000000e+03 9.803999999999999773e+02 7.887999999999999545e+01 1.879999999999999893e+00
1.600000000000000000e+03 1.026000000000000000e+03 7.529000000000000625e+01 1.959999999999999964e+00
1.700000000000000000e+03 1.069000000000000000e+03 7.204999999999999716e+01 2.049999999999999822e+00
1.800000000000000000e+03 1.112000000000000000e+03 6.910999999999999943e+01 2.129999999999999893e+00
2.000000000000000000e+03 1.194000000000000000e+03 6.396999999999999886e+01 2.290000000000000036e+00
2.250000000000000000e+03 1.292000000000000000e+03 5.861999999999999744e+01 2.470000000000000195e+00
2.500000000000000000e+03 1.385000000000000000e+03 5.417000000000000171e+01 2.649999999999999911e+00
2.750000000000000000e+03 1.475000000000000000e+03 5.040999999999999659e+01 2.810000000000000053e+00
3.000000000000000000e+03 1.561000000000000000e+03 4.718999999999999773e+01 2.970000000000000195e+00
3.250000000000000000e+03 1.644000000000000000e+03 4.439000000000000057e+01 3.109999999999999876e+00
3.500000000000000000e+03 1.724000000000000000e+03 4.193999999999999773e+01 3.259999999999999787e+00
3.750000000000000000e+03 1.803000000000000000e+03 3.975999999999999801e+01 3.390000000000000124e+00
4.000000000000000000e+03 1.879000000000000000e+03 3.782000000000000028e+01 3.520000000000000018e+00
4.500000000000000000e+03 2.026000000000000000e+03 3.450999999999999801e+01 3.770000000000000018e+00
5.000000000000000000e+03 2.167000000000000000e+03 3.176999999999999957e+01 4.000000000000000000e+00
5.500000000000000000e+03 2.302000000000000000e+03 2.946999999999999886e+01 4.219999999999999751e+00
6.000000000000000000e+03 2.433000000000000000e+03 2.750000000000000000e+01 4.419999999999999929e+00
6.500000000000000000e+03 2.561000000000000000e+03 2.580999999999999872e+01 4.620000000000000107e+00
7.000000000000000000e+03 2.685000000000000000e+03 2.432000000000000028e+01 4.809999999999999609e+00
8.000000000000000000e+03 2.925000000000000000e+03 2.185000000000000142e+01 5.160000000000000142e+00
9.000000000000000000e+03 3.155000000000000000e+03 1.985999999999999943e+01 5.480000000000000426e+00
1.000000000000000000e+04 3.373000000000000000e+03 1.823000000000000043e+01 5.780000000000000249e+00
