# Energy(keV)    dEe/dx(keV/micro_m)  dEn/dx(keV/micro_m)  x(micro_m)
9.999990000000000268e-03 4.373999999999999666e+00 4.682999999999999829e+01 3.000000000000000279e-04
1.099989999999999996e-02 4.586999999999999744e+00 4.953000000000000114e+01 3.000000000000000279e-04
1.199990000000000084e-02 4.791000000000000369e+00 5.213000000000000256e+01 3.000000000000000279e-04
1.299990000000000000e-02 4.987000000000000099e+00 5.461999999999999744e+01 3.000000000000000279e-04
1.399990000000000089e-02 5.174999999999999822e+00 5.702000000000000313e+01 3.000000000000000279e-04
1.499990000000000004e-02 5.357000000000000206e+00 5.932999999999999829e+01 3.000000000000000279e-04
1.599990000000000093e-02 5.533000000000000362e+00 6.157000000000000028e+01 3.000000000000000279e-04
1.699990000000000182e-02 5.703000000000000291e+00 6.375000000000000000e+01 3.000000000000000279e-04
1.799989999999999923e-02 5.868000000000000327e+00 6.585999999999999943e+01 3.000000000000000279e-04
1.999990000000000101e-02 6.185999999999999943e+00 6.990999999999999659e+01 3.000000000000000279e-04
2.249989999999999976e-02 6.560999999999999943e+00 7.468999999999999773e+01 3.000000000000000279e-04
2.499990000000000198e-02 6.916000000000000369e+00 7.920000000000000284e+01 4.000000000000000192e-04
2.749990000000000073e-02 7.253000000000000114e+00 8.348000000000000398e+01 4.000000000000000192e-04
2.999989999999999948e-02 7.575999999999999623e+00 8.756000000000000227e+01 4.000000000000000192e-04
3.249989999999999823e-02 7.884999999999999787e+00 9.145999999999999375e+01 4.000000000000000192e-04
3.499990000000000046e-02 8.182999999999999829e+00 9.520000000000000284e+01 4.000000000000000192e-04
3.749989999999999574e-02 8.470000000000000639e+00 9.879999999999999716e+01 4.000000000000000192e-04
3.999989999999999796e-02 8.747999999999999332e+00 1.022999999999999972e+02 4.000000000000000192e-04
4.499989999999999546e-02 9.278000000000000469e+00 1.087999999999999972e+02 5.000000000000000104e-04
4.999989999999999990e-02 9.779999999999999361e+00 1.150000000000000000e+02 5.000000000000000104e-04
5.499989999999999740e-02 1.025999999999999979e+01 1.209000000000000057e+02 5.000000000000000104e-04
5.999989999999999490e-02 1.071000000000000085e+01 1.264000000000000057e+02 5.000000000000000104e-04
6.499989999999999934e-02 1.115000000000000036e+01 1.316999999999999886e+02 6.000000000000000559e-04
6.999990000000000379e-02 1.157000000000000028e+01 1.366999999999999886e+02 6.000000000000000559e-04
7.999989999999999879e-02 1.236999999999999922e+01 1.460999999999999943e+02 6.000000000000000559e-04
8.999989999999999379e-02 1.311999999999999922e+01 1.548000000000000114e+02 6.000000000000000559e-04
9.999990000000000268e-02 1.383000000000000007e+01 1.630000000000000000e+02 6.999999999999999929e-04
1.100000000000000006e-01 1.450999999999999979e+01 1.705999999999999943e+02 6.999999999999999929e-04
1.199999999999999956e-01 1.515000000000000036e+01 1.778000000000000114e+02 6.999999999999999929e-04
1.300000000000000044e-01 1.576999999999999957e+01 1.845999999999999943e+02 8.000000000000000383e-04
1.399989999999999846e-01 1.637000000000000099e+01 1.910999999999999943e+02 8.000000000000000383e-04
1.499989999999999934e-01 1.694000000000000128e+01 1.971999999999999886e+02 8.000000000000000383e-04
1.599990000000000023e-01 1.750000000000000000e+01 2.030999999999999943e+02 8.000000000000000383e-04
1.699990000000000112e-01 1.803000000000000114e+01 2.086999999999999886e+02 9.000000000000000838e-04
1.799989999999999923e-01 1.855999999999999872e+01 2.140999999999999943e+02 9.000000000000000838e-04
1.999990000000000101e-01 1.955999999999999872e+01 2.243000000000000114e+02 9.000000000000000838e-04
2.249990000000000046e-01 2.075000000000000000e+01 2.360999999999999943e+02 1.000000000000000021e-03
2.499989999999999990e-01 2.187000000000000099e+01 2.469000000000000057e+02 1.100000000000000066e-03
2.749990000000000490e-01 2.294000000000000128e+01 2.568999999999999773e+02 1.100000000000000066e-03
2.999990000000000157e-01 2.396000000000000085e+01 2.663000000000000114e+02 1.200000000000000112e-03
3.249990000000000379e-01 2.492999999999999972e+01 2.750000000000000000e+02 1.200000000000000112e-03
3.499990000000000046e-01 2.587999999999999901e+01 2.833000000000000114e+02 1.300000000000000157e-03
3.749990000000000268e-01 2.678000000000000114e+01 2.911000000000000227e+02 1.300000000000000157e-03
3.999990000000000490e-01 2.766000000000000014e+01 2.985000000000000000e+02 1.399999999999999986e-03
4.499990000000000379e-01 2.933999999999999986e+01 3.121999999999999886e+02 1.399999999999999986e-03
4.999990000000000268e-01 3.092999999999999972e+01 3.246999999999999886e+02 1.500000000000000031e-03
5.499990000000000157e-01 3.243999999999999773e+01 3.361000000000000227e+02 1.600000000000000077e-03
5.999990000000000601e-01 3.388000000000000256e+01 3.466999999999999886e+02 1.700000000000000122e-03
6.499989999999999934e-01 3.525999999999999801e+01 3.565000000000000000e+02 1.800000000000000168e-03
6.999990000000000379e-01 3.659000000000000341e+01 3.656999999999999886e+02 1.899999999999999996e-03
7.999990000000000157e-01 3.911999999999999744e+01 3.823000000000000114e+02 2.000000000000000042e-03
8.999989999999999934e-01 4.149000000000000199e+01 3.970000000000000000e+02 2.200000000000000133e-03
9.999990000000000823e-01 4.374000000000000199e+01 4.103000000000000114e+02 2.299999999999999961e-03
1.100000000000000089e+00 4.586999999999999744e+01 4.223000000000000114e+02 2.400000000000000223e-03
1.199999999999999956e+00 4.790999999999999659e+01 4.331999999999999886e+02 2.600000000000000314e-03
1.300000000000000044e+00 4.986999999999999744e+01 4.431999999999999886e+02 2.700000000000000143e-03
1.399999999999999911e+00 5.175000000000000000e+01 4.523999999999999773e+02 2.799999999999999972e-03
1.500000000000000000e+00 5.357000000000000028e+01 4.610000000000000000e+02 3.000000000000000062e-03
1.600000000000000089e+00 5.532999999999999829e+01 4.688999999999999773e+02 3.100000000000000325e-03
1.699999999999999956e+00 5.703000000000000114e+01 4.763000000000000114e+02 3.200000000000000153e-03
1.800000000000000044e+00 5.867999999999999972e+01 4.831999999999999886e+02 3.299999999999999982e-03
2.000000000000000000e+00 6.185999999999999943e+01 4.958000000000000114e+02 3.600000000000000335e-03
2.250000000000000000e+00 6.560999999999999943e+01 5.095000000000000000e+02 3.900000000000000255e-03
2.500000000000000000e+00 6.915999999999999659e+01 5.215000000000000000e+02 4.200000000000000608e-03
2.750000000000000000e+00 7.253000000000000114e+01 5.320000000000000000e+02 4.400000000000000265e-03
3.000000000000000000e+00 7.576000000000000512e+01 5.412999999999999545e+02 4.700000000000000185e-03
3.250000000000000000e+00 7.884999999999999432e+01 5.496000000000000227e+02 5.000000000000000104e-03
3.500000000000000000e+00 8.182999999999999829e+01 5.570000000000000000e+02 5.300000000000000024e-03
3.750000000000000000e+00 8.470000000000000284e+01 5.636000000000000227e+02 5.500000000000000548e-03
4.000000000000000000e+00 8.748000000000000398e+01 5.696000000000000227e+02 5.800000000000000468e-03
4.500000000000000000e+00 9.278000000000000114e+01 5.800000000000000000e+02 6.300000000000000044e-03
5.000000000000000000e+00 9.779999999999999716e+01 5.886000000000000227e+02 6.800000000000000488e-03
5.500000000000000000e+00 1.025999999999999943e+02 5.957000000000000455e+02 7.300000000000000065e-03
6.000000000000000000e+00 1.070999999999999943e+02 6.017000000000000455e+02 7.800000000000000509e-03
6.500000000000000000e+00 1.115000000000000000e+02 6.066000000000000227e+02 8.300000000000000086e-03
7.000000000000000000e+00 1.157000000000000028e+02 6.107999999999999545e+02 8.800000000000000530e-03
8.000000000000000000e+00 1.237000000000000028e+02 6.172000000000000455e+02 9.799999999999999684e-03
9.000000000000000000e+00 1.311999999999999886e+02 6.215000000000000000e+02 1.080000000000000057e-02
1.000000000000000000e+01 1.383000000000000114e+02 6.242999999999999545e+02 1.170000000000000033e-02
1.100000000000000000e+01 1.450999999999999943e+02 6.258999999999999773e+02 1.270000000000000122e-02
1.200000000000000000e+01 1.515000000000000000e+02 6.266000000000000227e+02 1.360000000000000098e-02
1.300000000000000000e+01 1.576999999999999886e+02 6.265000000000000000e+02 1.460000000000000013e-02
1.400000000000000000e+01 1.636999999999999886e+02 6.257999999999999545e+02 1.549999999999999989e-02
1.500000000000000000e+01 1.694000000000000057e+02 6.247000000000000455e+02 1.650000000000000078e-02
1.600000000000000000e+01 1.750000000000000000e+02 6.231000000000000227e+02 1.740000000000000227e-02
1.700000000000000000e+01 1.803000000000000114e+02 6.212999999999999545e+02 1.839999999999999969e-02
1.800000000000000000e+01 1.855999999999999943e+02 6.192000000000000455e+02 1.930000000000000118e-02
2.000000000000000000e+01 1.955999999999999943e+02 6.142999999999999545e+02 2.120000000000000009e-02
2.250000000000000000e+01 2.075000000000000000e+02 6.075000000000000000e+02 2.350000000000000006e-02
2.500000000000000000e+01 2.186999999999999886e+02 6.001000000000000227e+02 2.590000000000000288e-02
2.750000000000000000e+01 2.294000000000000057e+02 5.923999999999999773e+02 2.830000000000000224e-02
3.000000000000000000e+01 2.395999999999999943e+02 5.846000000000000227e+02 3.060000000000000220e-02
3.250000000000000000e+01 2.494000000000000057e+02 5.767000000000000455e+02 3.300000000000000155e-02
3.500000000000000000e+01 2.588000000000000114e+02 5.688999999999999773e+02 3.540000000000000091e-02
3.750000000000000000e+01 2.678999999999999773e+02 5.611000000000000227e+02 3.780000000000000027e-02
4.000000000000000000e+01 2.766000000000000227e+02 5.535000000000000000e+02 4.019999999999999962e-02
4.500000000000000000e+01 2.933999999999999773e+02 5.387000000000000455e+02 4.500000000000000527e-02
5.000000000000000000e+01 3.093000000000000114e+02 5.246000000000000227e+02 4.980000000000000399e-02
5.500000000000000000e+01 3.243999999999999773e+02 5.111000000000000227e+02 5.470000000000000556e-02
6.000000000000000000e+01 3.370000000000000000e+02 4.983000000000000114e+02 5.960000000000000020e-02
6.500000000000000000e+01 3.501999999999999886e+02 4.861999999999999886e+02 6.450000000000000178e-02
7.000000000000000000e+01 3.636000000000000227e+02 4.748000000000000114e+02 6.940000000000000335e-02
8.000000000000000000e+01 3.890000000000000000e+02 4.535000000000000000e+02 7.930000000000000937e-02
9.000000000000000000e+01 4.121000000000000227e+02 4.343999999999999773e+02 8.920000000000000151e-02
1.000000000000000000e+02 4.328000000000000114e+02 4.170000000000000000e+02 9.910000000000000753e-02
1.100000000000000000e+02 4.510000000000000000e+02 4.011999999999999886e+02 1.091000000000000025e-01
1.200000000000000000e+02 4.670000000000000000e+02 3.868000000000000114e+02 1.191000000000000114e-01
1.300000000000000000e+02 4.811999999999999886e+02 3.735000000000000000e+02 1.290999999999999925e-01
1.400000000000000000e+02 4.938999999999999773e+02 3.611999999999999886e+02 1.392000000000000182e-01
1.500000000000000000e+02 5.055000000000000000e+02 3.498999999999999773e+02 1.494000000000000050e-01
1.600000000000000000e+02 5.162999999999999545e+02 3.393999999999999773e+02 1.595000000000000029e-01
1.700000000000000000e+02 5.263999999999999773e+02 3.296000000000000227e+02 1.697000000000000175e-01
1.800000000000000000e+02 5.361000000000000227e+02 3.205000000000000000e+02 1.800000000000000211e-01
2.000000000000000000e+02 5.546000000000000227e+02 3.038999999999999773e+02 2.005000000000000115e-01
2.250000000000000000e+02 5.772000000000000455e+02 2.858000000000000114e+02 2.262000000000000122e-01
2.500000000000000000e+02 6.002000000000000455e+02 2.700000000000000000e+02 2.520000000000000018e-01
2.750000000000000000e+02 6.238999999999999773e+02 2.561999999999999886e+02 2.776000000000000134e-01
3.000000000000000000e+02 6.485000000000000000e+02 2.439000000000000057e+02 3.029999999999999916e-01
3.250000000000000000e+02 6.740000000000000000e+02 2.329000000000000057e+02 3.281999999999999917e-01
3.500000000000000000e+02 7.005000000000000000e+02 2.230999999999999943e+02 3.530000000000000360e-01
3.750000000000000000e+02 7.277000000000000455e+02 2.140999999999999943e+02 3.775000000000000022e-01
4.000000000000000000e+02 7.556000000000000227e+02 2.059000000000000057e+02 4.015000000000000235e-01
4.500000000000000000e+02 8.132000000000000455e+02 1.915999999999999943e+02 4.483000000000000318e-01
5.000000000000000000e+02 8.722000000000000455e+02 1.794000000000000057e+02 4.933000000000000163e-01
5.500000000000000000e+02 9.321000000000000227e+02 1.689000000000000057e+02 5.364999999999999769e-01
6.000000000000000000e+02 9.922000000000000455e+02 1.595999999999999943e+02 5.780000000000000693e-01
6.500000000000000000e+02 1.052000000000000000e+03 1.515000000000000000e+02 6.178000000000000158e-01
7.000000000000000000e+02 1.112000000000000000e+03 1.443000000000000114e+02 6.561000000000000165e-01
8.000000000000000000e+02 1.229000000000000000e+03 1.319000000000000057e+02 7.284000000000000474e-01
9.000000000000000000e+02 1.342000000000000000e+03 1.217000000000000028e+02 7.958000000000000629e-01
1.000000000000000000e+03 1.450000000000000000e+03 1.132000000000000028e+02 8.589999999999999858e-01
1.100000000000000000e+03 1.554000000000000000e+03 1.059000000000000057e+02 9.186000000000000831e-01
1.200000000000000000e+03 1.653000000000000000e+03 9.956999999999999318e+01 9.751000000000000778e-01
1.300000000000000000e+03 1.747000000000000000e+03 9.404999999999999716e+01 1.030000000000000027e+00
1.400000000000000000e+03 1.838000000000000000e+03 8.917000000000000171e+01 1.080000000000000071e+00
1.500000000000000000e+03 1.924000000000000000e+03 8.482999999999999829e+01 1.129999999999999893e+00
1.600000000000000000e+03 2.007000000000000000e+03 8.093999999999999773e+01 1.179999999999999938e+00
1.700000000000000000e+03 2.087000000000000000e+03 7.742000000000000171e+01 1.219999999999999973e+00
1.800000000000000000e+03 2.163000000000000000e+03 7.423999999999999488e+01 1.270000000000000018e+00
2.000000000000000000e+03 2.307000000000000000e+03 6.865999999999999659e+01 1.350000000000000089e+00
2.250000000000000000e+03 2.474000000000000000e+03 6.286999999999999744e+01 1.449999999999999956e+00
2.500000000000000000e+03 2.627000000000000000e+03 5.807000000000000028e+01 1.550000000000000044e+00
2.750000000000000000e+03 2.770000000000000000e+03 5.400999999999999801e+01 1.639999999999999902e+00
3.000000000000000000e+03 2.903000000000000000e+03 5.053000000000000114e+01 1.719999999999999973e+00
3.250000000000000000e+03 3.028000000000000000e+03 4.750999999999999801e+01 1.800000000000000044e+00
3.500000000000000000e+03 3.146000000000000000e+03 4.486999999999999744e+01 1.879999999999999893e+00
3.750000000000000000e+03 3.257000000000000000e+03 4.253000000000000114e+01 1.959999999999999964e+00
4.000000000000000000e+03 3.362000000000000000e+03 4.043999999999999773e+01 2.029999999999999805e+00
4.500000000000000000e+03 3.555000000000000000e+03 3.686999999999999744e+01 2.169999999999999929e+00
5.000000000000000000e+03 3.728000000000000000e+03 3.392999999999999972e+01 2.310000000000000053e+00
5.500000000000000000e+03 3.883000000000000000e+03 3.146000000000000085e+01 2.439999999999999947e+00
6.000000000000000000e+03 4.023000000000000000e+03 2.935000000000000142e+01 2.560000000000000053e+00
6.500000000000000000e+03 4.148000000000000000e+03 2.753000000000000114e+01 2.680000000000000160e+00
7.000000000000000000e+03 4.260000000000000000e+03 2.594000000000000128e+01 2.799999999999999822e+00
8.000000000000000000e+03 4.451000000000000000e+03 2.328999999999999915e+01 3.029999999999999805e+00
9.000000000000000000e+03 4.604000000000000000e+03 2.116000000000000014e+01 3.250000000000000000e+00
1.000000000000000000e+04 4.728000000000000000e+03 1.942000000000000171e+01 3.459999999999999964e+00
