# Energy(keV)    dEe/dx(keV/micro_m)  dEn/dx(keV/micro_m)  x(micro_m)
9.999990000000000268e-03 3.265000000000000124e+00 2.994000000000000128e+01 6.999999999999999929e-04
1.099989999999999996e-02 3.423999999999999932e+00 3.198000000000000043e+01 6.999999999999999929e-04
1.199990000000000084e-02 3.576000000000000068e+00 3.396000000000000085e+01 8.000000000000000383e-04
1.299990000000000000e-02 3.721999999999999975e+00 3.588000000000000256e+01 8.000000000000000383e-04
1.399990000000000089e-02 3.862999999999999989e+00 3.775000000000000000e+01 8.000000000000000383e-04
1.499990000000000004e-02 3.998000000000000220e+00 3.957999999999999829e+01 8.000000000000000383e-04
1.599990000000000093e-02 4.129999999999999893e+00 4.136999999999999744e+01 8.000000000000000383e-04
1.699990000000000182e-02 4.256999999999999673e+00 4.310999999999999943e+01 9.000000000000000838e-04
1.799989999999999923e-02 4.379999999999999893e+00 4.482000000000000028e+01 9.000000000000000838e-04
1.999990000000000101e-02 4.616999999999999993e+00 4.814999999999999858e+01 9.000000000000000838e-04
2.249989999999999976e-02 4.897000000000000242e+00 5.214000000000000057e+01 1.000000000000000021e-03
2.499990000000000198e-02 5.161999999999999922e+00 5.597999999999999687e+01 1.000000000000000021e-03
2.749990000000000073e-02 5.413999999999999702e+00 5.967999999999999972e+01 1.000000000000000021e-03
2.999989999999999948e-02 5.655000000000000249e+00 6.325999999999999801e+01 1.100000000000000066e-03
3.249989999999999823e-02 5.884999999999999787e+00 6.673000000000000398e+01 1.100000000000000066e-03
3.499990000000000046e-02 6.107999999999999652e+00 7.010999999999999943e+01 1.100000000000000066e-03
3.749989999999999574e-02 6.322000000000000064e+00 7.340000000000000568e+01 1.200000000000000112e-03
3.999989999999999796e-02 6.528999999999999915e+00 7.659999999999999432e+01 1.200000000000000112e-03
4.499989999999999546e-02 6.924999999999999822e+00 8.279999999999999716e+01 1.200000000000000112e-03
4.999989999999999990e-02 7.299999999999999822e+00 8.873000000000000398e+01 1.300000000000000157e-03
5.499989999999999740e-02 7.655999999999999694e+00 9.445000000000000284e+01 1.300000000000000157e-03
5.999989999999999490e-02 7.996999999999999886e+00 9.996999999999999886e+01 1.399999999999999986e-03
6.499989999999999934e-02 8.323000000000000398e+00 1.052999999999999972e+02 1.399999999999999986e-03
6.999990000000000379e-02 8.637999999999999901e+00 1.105000000000000000e+02 1.399999999999999986e-03
7.999989999999999879e-02 9.233999999999999986e+00 1.204000000000000057e+02 1.500000000000000031e-03
8.999989999999999379e-02 9.794000000000000483e+00 1.299000000000000057e+02 1.600000000000000077e-03
9.999990000000000268e-02 1.032000000000000028e+01 1.390000000000000000e+02 1.600000000000000077e-03
1.100000000000000006e-01 1.083000000000000007e+01 1.475999999999999943e+02 1.700000000000000122e-03
1.199999999999999956e-01 1.131000000000000050e+01 1.560000000000000000e+02 1.800000000000000168e-03
1.300000000000000044e-01 1.176999999999999957e+01 1.640999999999999943e+02 1.800000000000000168e-03
1.399989999999999846e-01 1.222000000000000064e+01 1.719000000000000057e+02 1.899999999999999996e-03
1.499989999999999934e-01 1.264000000000000057e+01 1.795000000000000000e+02 1.899999999999999996e-03
1.599990000000000023e-01 1.306000000000000050e+01 1.869000000000000057e+02 2.000000000000000042e-03
1.699990000000000112e-01 1.346000000000000085e+01 1.940999999999999943e+02 2.000000000000000042e-03
1.799989999999999923e-01 1.384999999999999964e+01 2.010999999999999943e+02 2.000000000000000042e-03
1.999990000000000101e-01 1.459999999999999964e+01 2.146999999999999886e+02 2.100000000000000304e-03
2.249990000000000046e-01 1.549000000000000021e+01 2.308000000000000114e+02 2.200000000000000133e-03
2.499989999999999990e-01 1.632000000000000028e+01 2.460999999999999943e+02 2.299999999999999961e-03
2.749990000000000490e-01 1.712000000000000099e+01 2.608000000000000114e+02 2.400000000000000223e-03
2.999990000000000157e-01 1.787999999999999901e+01 2.748999999999999773e+02 2.500000000000000052e-03
3.249990000000000379e-01 1.860999999999999943e+01 2.885000000000000000e+02 2.500000000000000052e-03
3.499990000000000046e-01 1.930999999999999872e+01 3.016000000000000227e+02 2.600000000000000314e-03
3.749990000000000268e-01 1.998999999999999844e+01 3.143000000000000114e+02 2.700000000000000143e-03
3.999990000000000490e-01 2.064999999999999858e+01 3.266000000000000227e+02 2.700000000000000143e-03
4.499990000000000379e-01 2.189999999999999858e+01 3.501999999999999886e+02 2.900000000000000234e-03
4.999990000000000268e-01 2.308999999999999986e+01 3.725000000000000000e+02 3.000000000000000062e-03
5.499990000000000157e-01 2.421000000000000085e+01 3.938000000000000114e+02 3.100000000000000325e-03
5.999990000000000601e-01 2.528999999999999915e+01 4.141999999999999886e+02 3.200000000000000153e-03
6.499989999999999934e-01 2.632000000000000028e+01 4.338000000000000114e+02 3.299999999999999982e-03
6.999990000000000379e-01 2.730999999999999872e+01 4.526000000000000227e+02 3.400000000000000244e-03
7.999990000000000157e-01 2.919999999999999929e+01 4.883999999999999773e+02 3.600000000000000335e-03
8.999989999999999934e-01 3.096999999999999886e+01 5.218999999999999773e+02 3.700000000000000164e-03
9.999990000000000823e-01 3.264999999999999858e+01 5.536000000000000227e+02 3.900000000000000255e-03
1.100000000000000089e+00 3.424000000000000199e+01 5.837000000000000455e+02 4.000000000000000083e-03
1.199999999999999956e+00 3.575999999999999801e+01 6.123999999999999773e+02 4.200000000000000608e-03
1.300000000000000044e+00 3.721999999999999886e+01 6.397999999999999545e+02 4.300000000000000003e-03
1.399999999999999911e+00 3.863000000000000256e+01 6.661000000000000227e+02 4.400000000000000265e-03
1.500000000000000000e+00 3.999000000000000199e+01 6.913999999999999773e+02 4.599999999999999922e-03
1.600000000000000089e+00 4.129999999999999716e+01 7.157999999999999545e+02 4.700000000000000185e-03
1.699999999999999956e+00 4.257000000000000028e+01 7.393999999999999773e+02 4.800000000000000447e-03
1.800000000000000044e+00 4.379999999999999716e+01 7.622000000000000455e+02 4.899999999999999842e-03
2.000000000000000000e+00 4.617000000000000171e+01 8.057000000000000455e+02 5.100000000000000366e-03
2.250000000000000000e+00 4.896999999999999886e+01 8.567999999999999545e+02 5.400000000000000286e-03
2.500000000000000000e+00 5.161999999999999744e+01 9.046000000000000227e+02 5.599999999999999943e-03
2.750000000000000000e+00 5.414000000000000057e+01 9.497000000000000455e+02 5.899999999999999863e-03
3.000000000000000000e+00 5.654999999999999716e+01 9.923999999999999773e+02 6.100000000000000387e-03
3.250000000000000000e+00 5.885999999999999943e+01 1.033000000000000000e+03 6.300000000000000044e-03
3.500000000000000000e+00 6.107999999999999829e+01 1.072000000000000000e+03 6.500000000000000569e-03
3.750000000000000000e+00 6.321999999999999886e+01 1.109000000000000000e+03 6.700000000000000226e-03
4.000000000000000000e+00 6.529999999999999716e+01 1.144000000000000000e+03 6.900000000000000751e-03
4.500000000000000000e+00 6.926000000000000512e+01 1.211000000000000000e+03 7.200000000000000670e-03
5.000000000000000000e+00 7.301000000000000512e+01 1.274000000000000000e+03 7.599999999999999985e-03
5.500000000000000000e+00 7.656999999999999318e+01 1.332000000000000000e+03 7.900000000000000772e-03
6.000000000000000000e+00 7.996999999999999886e+01 1.387000000000000000e+03 8.200000000000000691e-03
6.500000000000000000e+00 8.323999999999999488e+01 1.439000000000000000e+03 8.500000000000000611e-03
7.000000000000000000e+00 8.637999999999999545e+01 1.488000000000000000e+03 8.800000000000000530e-03
8.000000000000000000e+00 9.234999999999999432e+01 1.579000000000000000e+03 9.400000000000000369e-03
9.000000000000000000e+00 9.795000000000000284e+01 1.663000000000000000e+03 9.900000000000000813e-03
1.000000000000000000e+01 1.032000000000000028e+02 1.740000000000000000e+03 1.040000000000000126e-02
1.100000000000000000e+01 1.082999999999999972e+02 1.811000000000000000e+03 1.089999999999999997e-02
1.200000000000000000e+01 1.130999999999999943e+02 1.878000000000000000e+03 1.140000000000000041e-02
1.300000000000000000e+01 1.177000000000000028e+02 1.940000000000000000e+03 1.179999999999999973e-02
1.400000000000000000e+01 1.222000000000000028e+02 1.999000000000000000e+03 1.230000000000000017e-02
1.500000000000000000e+01 1.265000000000000000e+02 2.055000000000000000e+03 1.270000000000000122e-02
1.600000000000000000e+01 1.305999999999999943e+02 2.108000000000000000e+03 1.310000000000000053e-02
1.700000000000000000e+01 1.345999999999999943e+02 2.158000000000000000e+03 1.349999999999999985e-02
1.800000000000000000e+01 1.385000000000000000e+02 2.206000000000000000e+03 1.390000000000000090e-02
2.000000000000000000e+01 1.460000000000000000e+02 2.295000000000000000e+03 1.470000000000000126e-02
2.250000000000000000e+01 1.549000000000000057e+02 2.396000000000000000e+03 1.560000000000000102e-02
2.500000000000000000e+01 1.633000000000000114e+02 2.488000000000000000e+03 1.650000000000000078e-02
2.750000000000000000e+01 1.711999999999999886e+02 2.573000000000000000e+03 1.729999999999999941e-02
3.000000000000000000e+01 1.788000000000000114e+02 2.650000000000000000e+03 1.820000000000000090e-02
3.250000000000000000e+01 1.860999999999999943e+02 2.722000000000000000e+03 1.899999999999999953e-02
3.500000000000000000e+01 1.931999999999999886e+02 2.789000000000000000e+03 1.980000000000000163e-02
3.750000000000000000e+01 2.000000000000000000e+02 2.851000000000000000e+03 2.050000000000000086e-02
4.000000000000000000e+01 2.065000000000000000e+02 2.910000000000000000e+03 2.129999999999999949e-02
4.500000000000000000e+01 2.190000000000000000e+02 3.017000000000000000e+03 2.270000000000000143e-02
5.000000000000000000e+01 2.309000000000000057e+02 3.112000000000000000e+03 2.409999999999999989e-02
5.500000000000000000e+01 2.421999999999999886e+02 3.198000000000000000e+03 2.550000000000000183e-02
6.000000000000000000e+01 2.529000000000000057e+02 3.276000000000000000e+03 2.690000000000000030e-02
6.500000000000000000e+01 2.633000000000000114e+02 3.347000000000000000e+03 2.820000000000000284e-02
7.000000000000000000e+01 2.731999999999999886e+02 3.413000000000000000e+03 2.940000000000000252e-02
8.000000000000000000e+01 2.921000000000000227e+02 3.529000000000000000e+03 3.190000000000000474e-02
9.000000000000000000e+01 3.098000000000000114e+02 3.629000000000000000e+03 3.430000000000000410e-02
1.000000000000000000e+02 3.266000000000000227e+02 3.716000000000000000e+03 3.670000000000000345e-02
1.100000000000000000e+02 3.425000000000000000e+02 3.793000000000000000e+03 3.899999999999999994e-02
1.200000000000000000e+02 3.578000000000000114e+02 3.862000000000000000e+03 4.120000000000000051e-02
1.300000000000000000e+02 3.723999999999999773e+02 3.922000000000000000e+03 4.340000000000000108e-02
1.400000000000000000e+02 3.863999999999999773e+02 3.977000000000000000e+03 4.560000000000000164e-02
1.500000000000000000e+02 4.000000000000000000e+02 4.026000000000000000e+03 4.769999999999999934e-02
1.600000000000000000e+02 4.131000000000000227e+02 4.071000000000000000e+03 4.980000000000000399e-02
1.700000000000000000e+02 4.258999999999999773e+02 4.111000000000000000e+03 5.190000000000000169e-02
1.800000000000000000e+02 4.381999999999999886e+02 4.148000000000000000e+03 5.399999999999999939e-02
2.000000000000000000e+02 4.618999999999999773e+02 4.212000000000000000e+03 5.800000000000000294e-02
2.250000000000000000e+02 4.900000000000000000e+02 4.278000000000000000e+03 6.300000000000000044e-02
2.500000000000000000e+02 5.165000000000000000e+02 4.331000000000000000e+03 6.790000000000000202e-02
2.750000000000000000e+02 5.417000000000000455e+02 4.374000000000000000e+03 7.280000000000000360e-02
3.000000000000000000e+02 5.657999999999999545e+02 4.408000000000000000e+03 7.760000000000000231e-02
3.250000000000000000e+02 5.888999999999999773e+02 4.436000000000000000e+03 8.229999999999999816e-02
3.500000000000000000e+02 6.112000000000000455e+02 4.458000000000000000e+03 8.700000000000000788e-02
3.750000000000000000e+02 6.327000000000000455e+02 4.476000000000000000e+03 9.160000000000000087e-02
4.000000000000000000e+02 6.533999999999999773e+02 4.489000000000000000e+03 9.630000000000001059e-02
4.500000000000000000e+02 6.931000000000000227e+02 4.506000000000000000e+03 1.055000000000000104e-01
5.000000000000000000e+02 7.676000000000000227e+02 4.513000000000000000e+03 1.145000000000000046e-01
5.500000000000000000e+02 8.372999999999999545e+02 4.513000000000000000e+03 1.235000000000000125e-01
6.000000000000000000e+02 8.902999999999999545e+02 4.506000000000000000e+03 1.324000000000000177e-01
6.500000000000000000e+02 9.312000000000000455e+02 4.494000000000000000e+03 1.412000000000000199e-01
7.000000000000000000e+02 9.632999999999999545e+02 4.479000000000000000e+03 1.499999999999999944e-01
8.000000000000000000e+02 1.010000000000000000e+03 4.441000000000000000e+03 1.675000000000000100e-01
9.000000000000000000e+02 1.043000000000000000e+03 4.396000000000000000e+03 1.851000000000000145e-01
1.000000000000000000e+03 1.070000000000000000e+03 4.346000000000000000e+03 2.028000000000000080e-01
1.100000000000000000e+03 1.094000000000000000e+03 4.294000000000000000e+03 2.205000000000000016e-01
1.200000000000000000e+03 1.116000000000000000e+03 4.240000000000000000e+03 2.384000000000000008e-01
1.300000000000000000e+03 1.138000000000000000e+03 4.185000000000000000e+03 2.564000000000000168e-01
1.400000000000000000e+03 1.160000000000000000e+03 4.130000000000000000e+03 2.746000000000000107e-01
1.500000000000000000e+03 1.183000000000000000e+03 4.076000000000000000e+03 2.928000000000000047e-01
1.600000000000000000e+03 1.206000000000000000e+03 4.023000000000000000e+03 3.112000000000000322e-01
1.700000000000000000e+03 1.230000000000000000e+03 3.970000000000000000e+03 3.296999999999999931e-01
1.800000000000000000e+03 1.255000000000000000e+03 3.918000000000000000e+03 3.482999999999999985e-01
2.000000000000000000e+03 1.305000000000000000e+03 3.818000000000000000e+03 3.858000000000000318e-01
2.250000000000000000e+03 1.370000000000000000e+03 3.699000000000000000e+03 4.333000000000000185e-01
2.500000000000000000e+03 1.435000000000000000e+03 3.587000000000000000e+03 4.812000000000000166e-01
2.750000000000000000e+03 1.500000000000000000e+03 3.482000000000000000e+03 5.296000000000000707e-01
3.000000000000000000e+03 1.565000000000000000e+03 3.384000000000000000e+03 5.785000000000000142e-01
3.250000000000000000e+03 1.628000000000000000e+03 3.292000000000000000e+03 6.276000000000000467e-01
3.500000000000000000e+03 1.689000000000000000e+03 3.205000000000000000e+03 6.771000000000000352e-01
3.750000000000000000e+03 1.749000000000000000e+03 3.123000000000000000e+03 7.268999999999999906e-01
4.000000000000000000e+03 1.806000000000000000e+03 3.046000000000000000e+03 7.769000000000000350e-01
4.500000000000000000e+03 1.915000000000000000e+03 2.905000000000000000e+03 8.776000000000000467e-01
5.000000000000000000e+03 2.014000000000000000e+03 2.778000000000000000e+03 9.790000000000000924e-01
5.500000000000000000e+03 2.106000000000000000e+03 2.664000000000000000e+03 1.080000000000000071e+00
6.000000000000000000e+03 2.190000000000000000e+03 2.560000000000000000e+03 1.179999999999999938e+00
6.500000000000000000e+03 2.267000000000000000e+03 2.465000000000000000e+03 1.290000000000000036e+00
7.000000000000000000e+03 2.337000000000000000e+03 2.378000000000000000e+03 1.389999999999999902e+00
8.000000000000000000e+03 2.462000000000000000e+03 2.225000000000000000e+03 1.600000000000000089e+00
9.000000000000000000e+03 2.570000000000000000e+03 2.092000000000000000e+03 1.810000000000000053e+00
1.000000000000000000e+04 2.666000000000000000e+03 1.978000000000000000e+03 2.020000000000000018e+00
