#dR/dEr [1/keV/kg/Myr]
# Er [keV]  ,  H1  ,  O16  ,  Mg24  ,  Mg25  ,  Mg26  ,  S32  ,  S34
1.011646E-03  7.178497E+07  1.291618E+06  8.014812E+04  3.082620E+03  0.000000E+00  3.699144E+04  0.000000E+00
1.035211E-03  6.925324E+07  1.162806E+06  1.204980E+05  6.024902E+03  1.807471E+04  3.313696E+04  0.000000E+00
1.059324E-03  6.781815E+07  1.195215E+06  1.236429E+05  0.000000E+00  5.887759E+03  2.649491E+04  0.000000E+00
1.083999E-03  6.609605E+07  1.133486E+06  1.093210E+05  8.630605E+03  2.013808E+04  3.452242E+04  0.000000E+00
1.109248E-03  6.441722E+07  1.281991E+06  1.349464E+05  1.405691E+04  8.434149E+03  2.811383E+04  0.000000E+00
1.135086E-03  6.342620E+07  1.126429E+06  1.456116E+05  5.494776E+03  8.242164E+03  2.747388E+04  0.000000E+00
1.161526E-03  6.251136E+07  1.181334E+06  9.128490E+04  1.342425E+04  2.416365E+04  2.416365E+04  0.000000E+00
1.188581E-03  6.003106E+07  1.175433E+06  1.075731E+05  0.000000E+00  5.247470E+03  2.886109E+04  0.000000E+00
1.216267E-03  5.916201E+07  1.176881E+06  9.999646E+04  1.538407E+04  7.692035E+03  2.307611E+04  0.000000E+00
1.244597E-03  5.770507E+07  1.125036E+06  1.027316E+05  0.000000E+00  1.252824E+04  4.259601E+04  0.000000E+00
1.273587E-03  5.638664E+07  1.253689E+06  1.126362E+05  7.345837E+03  9.794449E+03  6.366392E+04  0.000000E+00
1.303253E-03  5.516295E+07  1.189259E+06  1.100722E+05  4.785750E+03  7.178625E+03  3.828600E+04  0.000000E+00
1.333610E-03  5.352612E+07  1.211295E+06  6.781379E+04  7.015219E+03  1.403044E+04  3.741450E+04  0.000000E+00
1.364674E-03  5.267792E+07  1.243137E+06  1.233996E+05  6.855534E+03  6.855534E+03  2.285178E+04  0.000000E+00
1.396461E-03  5.097636E+07  1.194741E+06  8.039379E+04  6.699483E+03  1.786529E+04  2.233161E+04  0.000000E+00
1.428989E-03  5.071512E+07  1.156634E+06  1.134811E+05  4.364656E+03  8.729312E+03  2.400561E+04  0.000000E+00
1.462274E-03  4.930478E+07  1.162295E+06  1.023673E+05  4.265304E+03  6.397956E+03  1.492856E+04  0.000000E+00
1.496335E-03  4.842631E+07  1.177520E+06  7.711196E+04  8.336428E+03  4.168214E+03  2.292518E+04  0.000000E+00
1.531189E-03  4.692277E+07  1.175157E+06  1.099800E+05  1.018333E+04  4.073334E+03  3.055000E+04  0.000000E+00
1.566855E-03  4.631245E+07  1.289719E+06  1.094669E+05  3.980613E+03  3.980613E+03  2.388368E+04  0.000000E+00
1.603352E-03  4.468058E+07  1.180616E+06  1.128101E+05  7.780007E+03  9.725009E+03  3.306503E+04  0.000000E+00
1.640699E-03  4.456637E+07  1.216466E+06  1.102422E+05  1.900728E+03  1.710655E+04  1.900728E+04  0.000000E+00
1.678915E-03  4.265848E+07  1.261217E+06  7.615595E+04  5.572387E+03  5.572387E+03  3.343432E+04  0.000000E+00
1.718022E-03  4.179999E+07  1.194389E+06  9.801979E+04  3.630363E+03  3.630363E+03  1.996699E+04  0.000000E+00
1.758040E-03  4.095849E+07  1.218644E+06  9.578859E+04  3.547725E+03  7.095451E+03  1.596476E+04  0.000000E+00
1.798990E-03  3.985455E+07  1.187437E+06  7.627333E+04  5.200454E+03  1.040091E+04  1.040091E+04  0.000000E+00
1.840894E-03  3.911505E+07  1.151938E+06  7.792518E+04  5.082077E+03  6.776103E+03  2.879844E+04  0.000000E+00
1.883774E-03  3.788863E+07  1.200212E+06  9.270604E+04  1.655465E+03  1.655465E+03  3.973116E+04  0.000000E+00
1.927653E-03  3.731252E+07  1.161567E+06  1.067736E+05  4.853346E+03  4.853346E+03  2.588451E+04  0.000000E+00
1.972553E-03  3.636359E+07  1.217337E+06  6.798114E+04  3.161914E+03  9.485741E+03  7.904784E+03  0.000000E+00
2.018500E-03  3.550186E+07  1.194262E+06  7.106861E+04  1.544970E+03  7.724849E+03  2.008461E+04  0.000000E+00
2.065517E-03  3.484170E+07  1.198783E+06  8.152931E+04  1.056861E+04  7.549010E+03  3.019604E+04  0.000000E+00
2.113629E-03  3.399844E+07  1.136085E+06  5.606652E+04  8.852608E+03  5.901739E+03  2.655783E+04  0.000000E+00
2.162862E-03  3.331105E+07  1.176549E+06  7.785989E+04  2.883699E+03  1.441850E+03  2.739515E+04  0.000000E+00
2.213241E-03  3.257253E+07  1.189221E+06  8.172370E+04  2.818058E+03  5.636117E+03  1.690835E+04  0.000000E+00
2.264794E-03  3.186413E+07  1.197952E+06  6.884779E+04  2.753912E+03  2.753912E+03  1.790043E+04  0.000000E+00
2.317548E-03  3.106077E+07  1.149153E+06  5.920695E+04  1.345612E+03  2.691225E+03  1.749296E+04  0.000000E+00
2.371531E-03  3.022619E+07  1.142720E+06  7.758397E+04  3.944948E+03  7.889896E+03  2.366969E+04  0.000000E+00
2.426771E-03  2.955486E+07  1.042176E+06  6.682260E+04  0.000000E+00  6.425250E+03  1.927575E+04  0.000000E+00
2.483298E-03  2.889090E+07  1.051103E+06  5.902254E+04  5.023195E+03  5.023195E+03  1.883698E+04  0.000000E+00
2.541141E-03  2.841980E+07  9.891338E+05  6.749672E+04  3.681639E+03  3.681639E+03  1.840820E+04  0.000000E+00
2.600332E-03  2.752344E+07  1.002597E+06  6.955815E+04  4.797114E+03  2.398557E+03  1.559062E+04  0.000000E+00
2.660901E-03  2.674340E+07  9.610232E+05  6.445887E+04  1.171979E+03  4.687918E+03  2.812751E+04  0.000000E+00
2.722882E-03  2.638661E+07  9.380023E+05  5.039329E+04  1.145302E+03  8.017114E+03  1.832483E+04  0.000000E+00
2.786306E-03  2.564719E+07  8.909084E+05  8.058468E+04  3.357695E+03  6.715390E+03  1.566924E+04  0.000000E+00
2.851207E-03  2.506886E+07  8.782852E+05  4.812521E+04  4.375020E+03  1.093755E+03  1.203130E+04  0.000000E+00
2.917620E-03  2.462756E+07  9.288376E+05  4.916747E+04  2.137716E+03  6.413148E+03  1.923944E+04  0.000000E+00
2.985580E-03  2.371183E+07  9.432086E+05  4.700375E+04  6.267167E+03  9.400750E+03  8.356222E+03  0.000000E+00
3.055124E-03  2.354669E+07  9.054065E+05  5.409983E+04  6.124509E+03  9.186763E+03  2.041503E+04  0.000000E+00
3.126287E-03  2.295584E+07  8.947721E+05  3.790562E+04  2.992549E+03  1.995033E+03  9.975163E+03  0.000000E+00
3.199107E-03  2.227441E+07  8.363870E+05  5.946341E+04  1.949620E+03  4.874050E+03  9.748101E+03  0.000000E+00
3.273624E-03  2.170737E+07  8.154433E+05  4.477317E+04  9.526207E+02  5.715724E+03  1.333669E+04  0.000000E+00
3.349876E-03  2.159307E+07  7.670916E+05  4.561588E+04  9.309364E+02  4.654682E+03  9.309364E+03  0.000000E+00
3.427905E-03  2.082954E+07  7.896593E+05  3.638983E+04  1.819491E+03  9.097457E+02  1.364619E+04  0.000000E+00
3.507751E-03  2.029939E+07  7.423462E+05  4.711898E+04  2.667112E+03  6.223261E+03  1.422460E+04  0.000000E+00
3.589457E-03  1.992159E+07  7.862644E+05  4.604642E+04  5.212802E+03  4.344002E+03  1.390081E+04  0.000000E+00
3.673066E-03  1.948510E+07  7.700648E+05  3.311194E+04  1.698048E+03  4.245120E+03  1.188634E+04  0.000000E+00
3.758623E-03  1.926973E+07  7.085620E+05  4.231459E+04  3.318792E+03  8.296979E+02  1.410486E+04  0.000000E+00
3.846173E-03  1.890083E+07  6.591899E+05  4.783789E+04  6.486494E+03  5.675682E+03  1.054055E+04  0.000000E+00
3.935762E-03  1.825270E+07  6.758791E+05  3.724070E+04  3.961777E+03  2.377066E+03  9.508264E+03  0.000000E+00
4.027437E-03  1.780469E+07  6.697861E+05  3.484436E+04  2.322957E+03  3.097277E+03  9.291830E+03  0.000000E+00
4.121248E-03  1.756588E+07  6.371359E+05  3.783468E+04  7.566935E+02  3.783468E+03  6.053548E+03  0.000000E+00
4.217245E-03  1.704994E+07  6.507328E+05  3.327611E+04  2.957876E+03  4.436814E+03  1.257097E+04  0.000000E+00
4.315477E-03  1.666978E+07  6.409787E+05  3.829974E+04  3.613183E+03  2.890547E+03  1.445273E+04  0.000000E+00
4.415997E-03  1.631576E+07  6.341563E+05  3.036606E+04  3.530937E+03  2.118562E+03  7.061875E+03  0.000000E+00
4.518859E-03  1.596162E+07  6.100596E+05  3.243530E+04  1.380225E+03  2.070338E+03  8.281352E+03  0.000000E+00
4.624117E-03  1.542631E+07  5.752664E+05  3.574340E+04  6.744038E+02  4.720827E+03  1.079046E+04  0.000000E+00
4.731826E-03  1.506594E+07  5.344916E+05  3.097547E+04  1.318105E+03  5.272420E+03  1.318105E+04  0.000000E+00
4.842045E-03  1.495292E+07  5.629002E+05  3.799899E+04  1.288101E+03  1.932152E+03  9.016709E+03  0.000000E+00
4.954830E-03  1.459493E+07  5.205057E+05  3.398707E+04  3.146951E+03  3.776341E+03  1.132902E+04  0.000000E+00
5.070243E-03  1.430884E+07  5.301848E+05  3.321343E+04  3.075318E+03  1.230127E+03  6.150636E+03  0.000000E+00
5.188344E-03  1.388636E+07  4.958770E+05  3.245740E+04  1.202126E+03  1.803189E+03  9.617008E+03  0.000000E+00
5.309196E-03  1.351212E+07  5.227692E+05  2.525739E+04  2.936906E+03  2.936906E+03  8.810717E+03  0.000000E+00
5.432863E-03  1.311959E+07  5.166097E+05  2.640449E+04  1.722032E+03  2.870054E+03  7.462139E+03  0.000000E+00
5.559411E-03  1.289051E+07  4.560480E+05  3.197384E+04  1.121889E+03  5.609446E+02  6.170391E+03  0.000000E+00
5.688906E-03  1.251376E+07  4.966474E+05  3.563144E+04  5.481760E+02  1.644528E+03  5.481760E+03  0.000000E+00
5.821418E-03  1.239927E+07  4.596289E+05  2.678490E+04  1.607094E+03  5.356980E+02  8.571168E+03  0.000000E+00
5.957016E-03  1.201180E+07  4.575425E+05  3.978630E+04  2.617520E+03  1.570512E+03  3.141024E+03  0.000000E+00
6.095773E-03  1.174605E+07  4.225714E+05  2.557938E+04  2.046350E+03  2.557938E+03  9.208577E+03  0.000000E+00
6.237762E-03  1.156767E+07  4.219514E+05  2.499712E+04  1.499827E+03  2.999655E+03  7.499137E+03  0.000000E+00
6.383058E-03  1.119003E+07  4.401947E+05  2.833662E+04  1.954249E+03  1.954249E+03  6.351311E+03  0.000000E+00
6.531738E-03  1.100598E+07  4.282649E+05  2.673671E+04  9.548826E+02  1.432324E+03  8.593944E+03  0.000000E+00
6.683882E-03  1.075452E+07  4.096515E+05  2.612811E+04  1.399720E+03  3.266014E+03  6.998601E+03  0.000000E+00
6.839570E-03  1.040895E+07  4.057981E+05  1.732621E+04  9.119058E+02  2.735718E+03  5.471435E+03  0.000000E+00
6.998884E-03  1.019964E+07  3.929964E+05  2.495215E+04  1.336723E+03  1.782297E+03  6.238038E+03  0.000000E+00
7.161909E-03  1.004192E+07  3.727295E+05  1.611097E+04  1.306295E+03  8.708633E+02  7.837770E+03  0.000000E+00
7.328731E-03  9.870363E+06  3.646707E+05  2.382912E+04  1.276560E+03  2.553120E+03  7.659360E+03  0.000000E+00
7.499439E-03  9.688932E+06  3.692606E+05  1.954420E+04  2.495004E+03  8.316680E+02  6.237510E+03  0.000000E+00
7.674123E-03  9.330220E+06  3.697953E+05  2.722669E+04  1.625474E+03  1.219105E+03  6.501896E+03  0.000000E+00
7.852877E-03  9.089643E+06  3.621720E+05  2.184151E+04  1.191355E+03  2.382710E+03  4.765421E+03  0.000000E+00
8.035794E-03  8.906410E+06  3.376286E+05  1.823971E+04  1.940394E+03  1.552316E+03  3.880789E+03  0.000000E+00
8.222971E-03  8.759045E+06  3.462508E+05  2.275471E+04  1.137735E+03  1.896226E+03  9.101883E+03  0.000000E+00
8.414509E-03  8.565224E+06  3.109438E+05  1.964246E+04  7.412249E+02  1.853062E+03  4.817962E+03  0.000000E+00
8.610508E-03  8.287680E+06  2.951737E+05  2.209275E+04  1.810881E+03  1.086529E+03  3.983939E+03  0.000000E+00
8.811073E-03  8.168046E+06  3.103985E+05  1.769661E+04  1.061796E+03  2.123593E+03  3.893254E+03  0.000000E+00
9.016309E-03  7.934042E+06  2.957237E+05  2.524892E+04  3.458757E+02  3.458757E+02  5.188135E+03  0.000000E+00
9.226326E-03  7.755131E+06  2.967663E+05  1.656213E+04  1.014008E+03  6.760051E+02  4.394033E+03  0.000000E+00
9.441234E-03  7.574969E+06  2.715137E+05  2.113976E+04  6.606174E+02  1.981852E+03  5.615248E+03  0.000000E+00
9.661149E-03  7.469682E+06  2.834096E+05  2.033577E+04  1.291160E+03  1.936740E+03  5.164639E+03  0.000000E+00
9.886186E-03  7.175683E+06  2.719113E+05  1.861110E+04  1.577212E+03  2.208096E+03  4.416193E+03  0.000000E+00
1.011646E-02  7.123935E+06  2.663384E+05  1.418005E+04  3.082620E+02  2.774358E+03  4.623930E+03  0.000000E+00
1.035211E-02  6.973824E+06  2.675057E+05  1.626724E+04  1.204980E+03  1.204980E+03  4.819922E+03  0.000000E+00
1.059324E-02  6.829211E+06  2.508185E+05  1.589695E+04  2.943879E+02  1.766328E+03  2.943879E+03  0.000000E+00
1.083999E-02  6.502010E+06  2.583428E+05  1.467203E+04  8.630605E+02  2.013808E+03  3.164555E+03  0.000000E+00
1.109248E-02  6.407142E+06  2.465583E+05  1.208895E+04  2.811383E+02  1.686830E+03  5.341628E+03  0.000000E+00
1.135086E-02  6.198657E+06  2.354512E+05  1.840750E+04  1.373694E+03  8.242164E+02  5.769515E+03  0.000000E+00
1.161526E-02  6.163878E+06  2.437844E+05  1.691455E+04  2.684850E+02  5.369700E+02  3.221820E+03  0.000000E+00
1.188581E-02  5.987101E+06  2.198690E+05  1.416817E+04  1.574241E+03  1.574241E+03  4.722723E+03  0.000000E+00
1.216267E-02  5.859280E+06  2.248638E+05  1.692248E+04  1.282006E+03  1.538407E+03  2.820413E+03  0.000000E+00
1.244597E-02  5.729915E+06  2.402916E+05  1.453276E+04  5.011295E+02  2.255083E+03  3.006777E+03  0.000000E+00
1.273587E-02  5.657274E+06  2.250275E+05  1.420195E+04  0.000000E+00  9.794449E+02  3.183196E+03  0.000000E+00
1.303253E-02  5.468676E+06  2.112909E+05  1.459654E+04  4.785750E+02  1.196437E+03  3.589312E+03  0.000000E+00
1.333610E-02  5.361732E+06  1.933862E+05  9.119785E+03  7.015219E+02  2.104566E+03  3.507610E+03  0.000000E+00
1.364674E-02  5.287673E+06  2.065801E+05  1.462514E+04  4.570356E+02  1.599624E+03  2.513696E+03  0.000000E+00
1.396461E-02  5.141630E+06  2.012078E+05  1.161244E+04  8.932643E+02  8.932643E+02  3.796373E+03  0.000000E+00
1.428989E-02  4.987056E+06  1.990283E+05  1.222104E+04  6.546984E+02  1.745862E+03  3.273492E+03  0.000000E+00
1.462274E-02  4.892304E+06  1.994030E+05  1.045000E+04  2.132652E+02  8.530608E+02  2.345917E+03  0.000000E+00
1.496335E-02  4.826167E+06  2.017416E+05  1.271305E+04  4.168214E+02  1.458875E+03  4.168214E+03  0.000000E+00
1.531189E-02  4.658061E+06  1.773937E+05  1.059067E+04  1.018333E+03  1.018333E+03  2.240334E+03  0.000000E+00
1.566855E-02  4.512423E+06  1.843024E+05  1.094669E+04  0.000000E+00  1.194184E+03  3.582552E+03  0.000000E+00
1.603352E-02  4.478172E+06  1.705767E+05  1.069751E+04  3.890004E+02  1.750502E+03  2.723003E+03  0.000000E+00
1.640699E-02  4.324157E+06  1.657435E+05  1.083415E+04  5.702184E+02  5.702184E+02  3.421311E+03  0.000000E+00
1.678915E-02  4.262876E+06  1.645712E+05  1.133052E+04  3.714925E+02  9.287311E+02  3.343432E+03  0.000000E+00
1.718022E-02  4.163300E+06  1.682673E+05  8.349834E+03  3.630363E+02  3.630363E+02  3.448844E+03  0.000000E+00
1.758040E-02  4.045117E+06  1.559225E+05  9.933631E+03  1.773863E+02  8.869314E+02  3.192953E+03  0.000000E+00
1.798990E-02  3.959106E+06  1.639876E+05  1.109430E+04  5.200454E+02  8.667423E+02  2.946924E+03  0.000000E+00
1.840894E-02  3.856788E+06  1.533093E+05  1.033356E+04  5.082077E+02  1.185818E+03  3.388051E+03  0.000000E+00
1.883774E-02  3.831574E+06  1.478330E+05  9.105058E+03  3.310930E+02  4.966395E+02  3.310930E+03  0.000000E+00
1.927653E-02  3.699382E+06  1.481888E+05  1.019203E+04  8.088910E+02  1.132447E+03  2.750229E+03  0.000000E+00
1.972553E-02  3.654382E+06  1.414956E+05  8.537167E+03  1.580957E+02  1.739052E+03  2.213340E+03  0.000000E+00
2.018500E-02  3.534273E+06  1.463086E+05  1.035130E+04  0.000000E+00  4.634910E+02  1.853964E+03  0.000000E+00
2.065517E-02  3.448388E+06  1.423743E+05  8.756852E+03  1.509802E+02  6.039208E+02  2.415683E+03  0.000000E+00
2.113629E-02  3.399992E+06  1.348547E+05  8.114891E+03  4.426304E+02  1.180348E+03  2.065609E+03  0.000000E+00
2.162862E-02  3.329664E+06  1.212596E+05  8.218544E+03  4.325549E+02  4.325549E+02  1.874405E+03  0.000000E+00
2.213241E-02  3.244994E+06  1.265308E+05  7.045146E+03  1.409029E+02  1.409029E+03  3.240767E+03  0.000000E+00
2.264794E-02  3.166310E+06  1.250276E+05  8.674822E+03  4.130867E+02  8.261735E+02  2.203129E+03  0.000000E+00
2.317548E-02  3.077147E+06  1.221816E+05  7.669991E+03  4.036837E+02  8.073675E+02  1.614735E+03  0.000000E+00
2.371531E-02  3.038136E+06  1.225564E+05  9.336376E+03  5.259930E+02  9.204878E+02  1.314983E+03  0.000000E+00
2.426771E-02  2.955358E+06  1.246498E+05  6.810765E+03  5.140200E+02  8.995350E+02  1.927575E+03  0.000000E+00
2.483298E-02  2.855812E+06  1.150312E+05  7.283632E+03  6.278993E+02  8.790590E+02  1.883698E+03  0.000000E+00
2.541141E-02  2.858548E+06  1.138854E+05  6.749672E+03  0.000000E+00  7.363279E+02  2.086262E+03  0.000000E+00
2.600332E-02  2.716246E+06  1.187286E+05  7.195670E+03  1.199278E+02  9.594227E+02  3.118124E+03  0.000000E+00
2.660901E-02  2.683130E+06  1.079393E+05  7.852262E+03  5.859897E+02  4.687918E+02  1.992365E+03  0.000000E+00
2.722882E-02  2.645418E+06  1.006720E+05  5.497449E+03  3.435906E+02  3.435906E+02  2.405134E+03  0.000000E+00
2.786306E-02  2.572218E+06  1.106920E+05  5.484235E+03  1.119232E+02  4.476927E+02  3.245772E+03  0.000000E+00
2.851207E-02  2.535652E+06  9.887544E+04  7.546909E+03  7.656284E+02  6.562529E+02  1.968759E+03  0.000000E+00
2.917620E-02  2.441379E+06  9.651788E+04  5.451176E+03  3.206574E+02  3.206574E+02  1.603287E+03  0.000000E+00
2.985580E-02  2.384239E+06  9.369414E+04  5.013733E+03  1.044528E+02  3.133583E+02  1.462339E+03  0.000000E+00
3.055124E-02  2.333540E+06  9.421536E+04  5.614133E+03  2.041503E+02  4.083006E+02  2.245653E+03  0.000000E+00
3.126287E-02  2.308253E+06  8.997597E+04  5.985098E+03  4.987582E+02  3.990065E+02  1.097268E+03  0.000000E+00
3.199107E-02  2.239529E+06  9.104726E+04  6.238784E+03  6.823670E+02  3.899240E+02  1.657177E+03  0.000000E+00
3.273624E-02  2.172451E+06  9.011792E+04  7.430441E+03  2.857862E+02  2.857862E+02  1.524193E+03  0.000000E+00
3.349876E-02  2.124769E+06  8.424974E+04  5.678712E+03  2.792809E+02  1.861873E+02  1.582592E+03  0.000000E+00
3.427905E-02  2.061666E+06  8.788143E+04  4.912627E+03  4.548728E+02  3.638983E+02  1.455593E+03  0.000000E+00
3.507751E-02  2.038118E+06  8.463636E+04  5.600935E+03  3.556149E+02  8.890373E+02  1.511363E+03  0.000000E+00
3.589457E-02  1.995461E+06  8.436052E+04  5.039042E+03  8.688004E+01  6.950403E+02  1.129441E+03  0.000000E+00
3.673066E-02  1.938662E+06  8.515711E+04  5.263949E+03  3.396096E+02  6.792193E+02  1.613146E+03  0.000000E+00
3.758623E-02  1.901502E+06  8.056367E+04  4.480369E+03  4.148490E+02  5.807885E+02  1.078607E+03  0.000000E+00
3.846173E-02  1.856191E+06  7.889198E+04  4.945951E+03  2.432435E+02  4.054058E+02  1.540542E+03  0.000000E+00
3.935762E-02  1.800707E+06  7.527376E+04  5.467252E+03  3.169421E+02  3.961777E+02  1.901653E+03  0.000000E+00
4.027437E-02  1.778147E+06  7.410234E+04  5.497666E+03  7.743192E+01  4.645915E+02  1.548638E+03  0.000000E+00
4.121248E-02  1.749551E+06  7.241557E+04  4.237484E+03  4.540161E+02  4.540161E+02  9.837016E+02  0.000000E+00
4.217245E-02  1.689761E+06  7.564768E+04  5.176283E+03  7.394691E+01  6.655222E+02  1.183150E+03  0.000000E+00
4.315477E-02  1.658596E+06  6.662710E+04  4.480347E+03  4.335820E+02  3.613183E+02  1.300746E+03  0.000000E+00
4.415997E-02  1.622678E+06  6.737028E+04  4.307744E+03  7.061875E+01  5.649500E+02  1.482994E+03  0.000000E+00
4.518859E-02  1.559310E+06  6.983940E+04  4.140676E+03  6.901127E+01  2.760451E+02  1.035169E+03  0.000000E+00
4.624117E-02  1.547150E+06  6.993567E+04  4.855707E+03  2.697615E+02  4.046423E+02  9.441653E+02  0.000000E+00
4.731826E-02  1.516677E+06  6.742107E+04  2.899831E+03  3.954315E+02  1.318105E+02  1.384010E+03  0.000000E+00
4.842045E-02  1.493360E+06  6.498471E+04  3.799899E+03  2.576202E+02  6.440506E+02  1.223696E+03  0.000000E+00
4.954830E-02  1.443821E+06  6.533071E+04  3.650463E+03  6.293902E+01  3.146951E+02  1.699354E+03  0.000000E+00
5.070243E-02  1.420428E+06  6.550427E+04  4.366951E+03  3.690381E+02  2.460254E+02  1.230127E+03  0.000000E+00
5.188344E-02  1.384068E+06  6.281109E+04  3.606378E+03  1.202126E+02  2.404252E+02  1.262232E+03  0.000000E+00
5.309196E-02  1.343223E+06  5.938423E+04  3.465549E+03  1.174762E+02  4.699049E+02  1.057286E+03  0.000000E+00
5.432863E-02  1.312590E+06  5.705667E+04  4.936492E+03  3.444064E+02  4.018075E+02  1.262824E+03  0.000000E+00
5.559411E-02  1.275981E+06  5.508476E+04  3.702235E+03  2.243779E+02  2.804723E+02  1.346267E+03  0.000000E+00
5.688906E-02  1.267876E+06  5.514650E+04  2.905333E+03  3.289056E+02  3.289056E+02  1.096352E+03  0.000000E+00
5.821418E-02  1.229159E+06  5.415907E+04  3.749886E+03  2.678490E+02  4.285584E+02  6.964074E+02  0.000000E+00
5.957016E-02  1.208352E+06  5.397326E+04  3.873930E+03  4.188032E+02  4.711536E+02  8.899568E+02  0.000000E+00
6.095773E-02  1.170871E+06  4.941936E+04  3.581113E+03  1.534763E+02  4.604288E+02  1.227810E+03  0.000000E+00
6.237762E-02  1.132870E+06  5.254395E+04  3.399609E+03  9.998849E+01  2.999655E+02  1.099873E+03  0.000000E+00
6.383058E-02  1.121446E+06  4.870967E+04  3.615361E+03  9.771247E+01  2.442812E+02  1.123693E+03  0.000000E+00
6.531738E-02  1.089378E+06  4.688474E+04  3.151113E+03  1.432324E+02  3.342089E+02  8.593944E+02  0.000000E+00
6.683882E-02  1.072559E+06  4.833701E+04  3.452643E+03  1.866294E+02  2.332867E+02  1.073119E+03  0.000000E+00
6.839570E-02  1.032232E+06  4.641601E+04  2.644527E+03  1.367859E+02  3.647623E+02  7.295247E+02  0.000000E+00
6.998884E-02  1.020989E+06  4.580502E+04  3.208134E+03  1.336723E+02  2.673445E+02  5.346890E+02  0.000000E+00
7.161909E-02  1.001536E+06  4.589450E+04  3.135108E+03  2.177158E+02  1.741727E+02  8.273202E+02  0.000000E+00
7.328731E-02  9.700155E+05  4.387111E+04  2.255256E+03  2.127600E+02  2.127600E+02  8.935921E+02  0.000000E+00
7.499439E-02  9.422799E+05  4.411999E+04  2.661338E+03  1.247502E+02  2.079170E+02  1.122752E+03  0.000000E+00
7.674123E-02  9.300555E+05  4.547263E+04  2.722669E+03  1.625474E+02  4.063685E+02  1.015921E+03  0.000000E+00
7.852877E-02  9.221089E+05  4.535092E+04  3.494642E+03  3.971184E+01  3.971184E+02  7.942368E+02  0.000000E+00
8.035794E-02  8.951427E+05  4.253344E+04  2.367281E+03  1.552316E+02  2.716552E+02  1.009005E+03  0.000000E+00
8.222971E-02  8.776111E+05  4.073093E+04  2.996036E+03  1.137735E+02  3.413206E+02  1.213584E+03  0.000000E+00
8.414509E-02  8.462565E+05  3.787659E+04  2.371920E+03  2.223675E+02  4.447349E+02  1.000654E+03  0.000000E+00
8.610508E-02  8.271020E+05  3.911504E+04  3.078498E+03  7.243526E+01  3.983939E+02  5.794821E+02  0.000000E+00
8.811073E-02  8.061512E+05  3.939265E+04  1.875840E+03  2.123593E+02  1.415729E+02  9.202236E+02  0.000000E+00
9.016309E-02  8.006330E+05  3.780421E+04  3.009118E+03  3.458757E+01  2.075254E+02  7.955140E+02  0.000000E+00
9.226326E-02  7.723697E+05  3.603107E+04  2.129416E+03  1.352010E+02  2.366018E+02  9.802075E+02  0.000000E+00
9.441234E-02  7.485786E+05  3.540909E+04  2.741562E+03  2.642470E+02  1.321235E+02  5.615248E+02  0.000000E+00
9.661149E-02  7.320231E+05  3.515183E+04  2.453204E+03  9.683699E+01  1.936740E+02  6.455799E+02  0.000000E+00
9.886186E-02  7.180730E+05  3.277446E+04  3.028247E+03  1.577212E+02  6.308847E+01  8.201501E+02  0.000000E+00
1.011646E-01  7.153220E+05  3.286073E+04  1.911224E+03  1.541310E+02  2.157834E+02  7.398288E+02  0.000000E+00
1.035211E-01  6.972318E+05  3.286584E+04  2.530459E+03  1.807471E+02  2.711206E+02  6.627392E+02  0.000000E+00
1.059324E-01  6.840104E+05  3.155839E+04  2.531736E+03  1.177552E+02  2.060716E+02  7.359698E+02  0.000000E+00
1.083999E-01  6.580837E+05  3.150171E+04  2.675488E+03  2.876868E+01  1.438434E+02  6.904484E+02  0.000000E+00
1.109248E-01  6.422604E+05  3.129069E+04  1.996082E+03  1.124553E+02  1.124553E+02  7.871872E+02  0.000000E+00
1.135086E-01  6.295640E+05  3.173233E+04  1.923172E+03  2.197910E+02  1.923172E+02  6.593731E+02  0.000000E+00
1.161526E-01  6.167906E+05  3.068783E+04  2.523759E+03  2.147880E+02  2.147880E+02  4.832730E+02  0.000000E+00
1.188581E-01  5.995497E+05  2.914970E+04  2.072751E+03  5.247470E+01  1.574241E+02  6.559338E+02  0.000000E+00
1.216267E-01  5.819025E+05  2.887077E+04  1.846088E+03  1.025605E+02  1.282006E+02  4.871622E+02  0.000000E+00
1.244597E-01  5.780529E+05  2.974204E+04  2.079688E+03  1.002259E+02  7.516943E+01  7.266378E+02  0.000000E+00
1.273587E-01  5.619810E+05  2.717960E+04  1.787487E+03  1.224306E+02  3.183196E+02  7.100975E+02  0.000000E+00
1.303253E-01  5.506484E+05  2.749413E+04  2.129659E+03  1.675012E+02  4.785750E+01  6.939337E+02  0.000000E+00
1.333610E-01  5.323149E+05  2.684491E+04  2.268254E+03  1.169203E+02  1.403044E+02  4.209132E+02  0.000000E+00
1.364674E-01  5.309154E+05  2.568540E+04  1.782439E+03  2.285178E+01  1.599624E+02  6.169980E+02  0.000000E+00
1.396461E-01  5.111259E+05  2.478809E+04  1.831192E+03  6.699483E+01  1.116580E+02  5.582902E+02  0.000000E+00
1.428989E-01  5.045979E+05  2.509677E+04  1.549453E+03  1.309397E+02  1.745862E+02  5.237587E+02  0.000000E+00
1.462274E-01  4.876949E+05  2.557050E+04  1.556836E+03  1.066326E+02  1.279591E+02  4.478569E+02  0.000000E+00
1.496335E-01  4.754265E+05  2.467583E+04  1.834014E+03  8.336428E+01  1.667286E+02  5.418678E+02  0.000000E+00
1.531189E-01  4.633825E+05  2.242370E+04  1.955200E+03  1.222000E+02  1.425667E+02  5.906334E+02  0.000000E+00
1.566855E-01  4.604575E+05  2.360504E+04  1.791276E+03  1.990307E+01  1.990307E+02  4.179644E+02  0.000000E+00
1.603352E-01  4.427213E+05  2.345672E+04  1.711602E+03  3.890004E+01  1.167001E+02  4.668004E+02  0.000000E+00
1.640699E-01  4.336321E+05  2.227653E+04  1.463561E+03  7.602913E+01  1.520583E+02  5.702184E+02  0.000000E+00
1.678915E-01  4.243558E+05  2.284679E+04  1.746015E+03  5.572387E+01  1.671716E+02  5.572387E+02  0.000000E+00
1.718022E-01  4.173828E+05  2.325247E+04  1.651815E+03  3.630363E+01  1.452145E+02  4.719471E+02  0.000000E+00
1.758040E-01  4.094430E+05  2.130409E+04  1.454567E+03  1.064318E+02  2.306022E+02  5.853747E+02  0.000000E+00
1.798990E-01  3.980428E+05  1.979639E+04  1.646810E+03  3.466969E+01  2.426879E+02  2.946924E+02  0.000000E+00
1.840894E-01  3.888297E+05  2.171741E+04  1.372161E+03  5.082077E+01  1.694026E+02  4.235064E+02  0.000000E+00
1.883774E-01  3.768666E+05  2.034566E+04  1.340927E+03  9.932790E+01  1.655465E+02  5.463035E+02  0.000000E+00
1.927653E-01  3.701485E+05  2.048112E+04  1.585426E+03  6.471128E+01  6.471128E+01  4.529790E+02  0.000000E+00
1.972553E-01  3.600945E+05  1.933510E+04  1.438671E+03  4.742870E+01  7.904784E+01  4.584775E+02  0.000000E+00
2.018500E-01  3.521604E+05  1.996101E+04  1.405923E+03  1.081479E+02  1.853964E+02  5.252897E+02  0.000000E+00
2.065517E-01  3.474054E+05  1.935566E+04  1.343724E+03  1.207842E+02  1.358822E+02  4.378426E+02  0.000000E+00
2.113629E-01  3.354401E+05  1.851671E+04  1.357400E+03  7.377174E+01  1.032804E+02  5.164022E+02  0.000000E+00
2.162862E-01  3.310054E+05  1.743196E+04  1.441850E+03  1.441850E+02  8.651098E+01  4.469734E+02  0.000000E+00
2.213241E-01  3.194269E+05  1.734515E+04  1.070862E+03  4.227088E+01  7.045146E+01  3.804379E+02  0.000000E+00
2.264794E-01  3.145380E+05  1.816205E+04  1.115334E+03  1.101565E+02  1.790043E+02  3.855476E+02  0.000000E+00
2.317548E-01  3.087239E+05  1.825996E+04  1.305244E+03  5.382450E+01  9.419287E+01  3.498592E+02  0.000000E+00
2.371531E-01  3.044053E+05  1.647673E+04  1.144035E+03  2.629965E+01  1.972474E+02  4.076446E+02  0.000000E+00
2.426771E-01  2.915136E+05  1.641009E+04  1.195096E+03  7.710300E+01  1.028040E+02  3.726645E+02  0.000000E+00
2.483298E-01  2.899639E+05  1.673980E+04  9.795229E+02  6.278993E+01  6.278993E+01  4.646455E+02  0.000000E+00
2.541141E-01  2.818172E+05  1.594150E+04  1.104492E+03  6.136066E+01  1.349934E+02  3.190754E+02  0.000000E+00
2.600332E-01  2.703293E+05  1.584247E+04  1.259242E+03  5.996392E+01  1.559062E+02  4.317402E+02  0.000000E+00
2.660901E-01  2.700475E+05  1.534121E+04  1.101661E+03  7.031877E+01  1.171979E+02  4.687918E+02  0.000000E+00
2.722882E-01  2.633393E+05  1.492328E+04  9.964127E+02  1.030772E+02  1.488893E+02  2.519664E+02  0.000000E+00
2.786306E-01  2.558676E+05  1.540063E+04  1.264732E+03  1.343078E+02  8.953854E+01  3.357695E+02  0.000000E+00
2.851207E-01  2.505683E+05  1.495163E+04  9.078166E+02  7.656284E+01  2.078134E+02  3.062514E+02  0.000000E+00
2.917620E-01  2.433790E+05  1.369207E+04  1.122301E+03  5.344290E+01  8.550864E+01  3.420346E+02  0.000000E+00
2.985580E-01  2.407010E+05  1.403845E+04  1.023637E+03  5.222639E+01  9.400750E+01  3.760300E+02  0.000000E+00
3.055124E-01  2.340991E+05  1.417824E+04  1.092204E+03  4.083006E+01  7.145260E+01  4.389231E+02  0.000000E+00
3.126287E-01  2.298876E+05  1.373580E+04  1.067342E+03  5.985098E+01  6.982614E+01  4.289320E+02  0.000000E+00
3.199107E-01  2.230463E+05  1.354011E+04  9.650620E+02  7.798481E+01  6.823670E+01  3.606797E+02  0.000000E+00
3.273624E-01  2.179882E+05  1.279370E+04  1.105040E+03  5.715724E+01  1.333669E+02  3.238910E+02  0.000000E+00
3.349876E-01  2.119463E+05  1.289347E+04  1.126433E+03  5.585618E+01  9.309364E+01  3.351371E+02  0.000000E+00
3.427905E-01  2.088230E+05  1.273644E+04  1.100792E+03  4.548728E+01  1.364619E+02  4.184830E+02  0.000000E+00
3.507751E-01  2.044519E+05  1.273991E+04  8.801470E+02  7.112299E+01  1.333556E+02  3.467246E+02  0.000000E+00
3.589457E-01  2.010925E+05  1.249335E+04  1.007808E+03  4.344002E+01  1.216321E+02  2.953921E+02  0.000000E+00
3.673066E-01  1.954793E+05  1.229387E+04  1.044300E+03  9.339265E+01  9.339265E+01  2.886682E+02  0.000000E+00
3.758623E-01  1.908139E+05  1.244547E+04  9.209647E+02  4.148490E+01  5.807885E+01  2.240184E+02  0.000000E+00
3.846173E-01  1.850840E+05  1.155407E+04  9.324335E+02  3.243247E+01  7.297305E+01  2.837841E+02  0.000000E+00
3.935762E-01  1.816475E+05  1.187741E+04  7.368905E+02  6.338843E+01  1.030062E+02  2.535537E+02  0.000000E+00
4.027437E-01  1.782405E+05  1.128183E+04  8.827238E+02  4.645915E+01  6.968872E+01  2.555253E+02  0.000000E+00
4.121248E-01  1.730028E+05  1.202386E+04  9.382999E+02  6.053548E+01  7.566935E+01  3.026774E+02  0.000000E+00
4.217245E-01  1.686137E+05  1.091456E+04  9.834938E+02  5.915752E+01  7.394691E+01  2.292354E+02  0.000000E+00
4.315477E-01  1.646600E+05  1.073838E+04  8.021267E+02  5.058457E+01  8.671640E+01  2.890547E+02  0.000000E+00
4.415997E-01  1.595136E+05  1.093178E+04  6.708781E+02  3.530937E+01  6.355687E+01  2.401037E+02  0.000000E+00
4.518859E-01  1.582635E+05  1.009635E+04  8.143330E+02  2.760451E+01  8.281352E+01  2.001327E+02  0.000000E+00
4.624117E-01  1.532313E+05  1.030489E+04  8.227726E+02  3.372019E+01  1.011606E+02  2.427854E+02  0.000000E+00
4.731826E-01  1.508110E+05  9.984645E+03  7.579104E+02  4.613367E+01  5.931472E+01  3.031641E+02  0.000000E+00
4.842045E-01  1.488852E+05  9.821772E+03  7.986228E+02  4.508354E+01  6.440506E+01  3.091443E+02  0.000000E+00
4.954830E-01  1.424058E+05  9.522674E+03  7.867378E+02  2.517561E+01  3.776341E+01  1.825232E+02  0.000000E+00
5.070243E-01  1.408803E+05  9.699553E+03  7.196244E+02  3.690381E+01  3.690381E+01  2.091216E+02  0.000000E+00
5.188344E-01  1.363572E+05  9.623019E+03  6.792012E+02  5.409567E+01  6.611693E+01  2.284039E+02  0.000000E+00
5.309196E-01  1.355441E+05  9.597808E+03  7.283526E+02  4.111668E+01  1.233500E+02  2.290786E+02  0.000000E+00
5.432863E-01  1.312763E+05  8.983268E+03  6.543722E+02  2.870054E+01  5.166097E+01  1.722032E+02  0.000000E+00
5.559411E-01  1.286078E+05  9.479964E+03  7.180091E+02  2.804723E+01  6.731336E+01  2.299873E+02  0.000000E+00
5.688906E-01  1.256693E+05  8.721480E+03  6.249206E+02  4.385408E+01  6.578112E+01  2.850515E+02  0.000000E+00
5.821418E-01  1.232695E+05  8.806875E+03  6.696225E+02  5.356980E+01  5.892678E+01  2.142792E+02  0.000000E+00
5.957016E-01  1.199662E+05  8.862923E+03  6.439099E+02  4.188032E+01  5.235040E+01  1.832264E+02  0.000000E+00
6.095773E-01  1.171536E+05  8.753264E+03  5.525146E+02  2.557938E+01  8.185402E+01  3.171843E+02  0.000000E+00
6.237762E-01  1.151567E+05  8.164060E+03  6.549246E+02  4.499482E+01  6.999194E+01  2.449718E+02  0.000000E+00
6.383058E-01  1.128188E+05  8.237161E+03  6.204742E+02  3.908499E+01  4.397061E+01  2.540524E+02  0.000000E+00
6.531738E-01  1.093150E+05  8.321802E+03  6.015761E+02  4.296972E+01  9.071385E+01  2.196230E+02  0.000000E+00
6.683882E-01  1.074425E+05  7.913085E+03  6.205427E+02  5.132308E+01  5.598881E+01  2.006266E+02  0.000000E+00
6.839570E-01  1.040849E+05  7.751200E+03  5.699412E+02  2.279765E+01  6.383341E+01  1.687026E+02  0.000000E+00
6.998884E-01  1.019919E+05  7.285138E+03  4.945873E+02  3.564593E+01  4.010168E+01  1.960526E+02  0.000000E+00
7.161909E-01  1.004280E+05  7.585220E+03  6.705648E+02  1.741727E+01  7.402338E+01  1.785270E+02  0.000000E+00
7.328731E-01  9.715899E+04  7.425324E+03  5.361552E+02  2.553120E+01  3.404160E+01  1.787184E+02  0.000000E+00
7.499439E-01  9.491827E+04  7.268778E+03  4.865258E+02  8.316680E+00  7.069178E+01  1.455419E+02  0.000000E+00
7.674123E-01  9.352570E+04  7.078939E+03  6.217438E+02  4.876422E+01  4.470053E+01  1.869295E+02  0.000000E+00
7.852877E-01  8.965345E+04  6.901918E+03  6.631877E+02  1.588474E+01  7.148131E+01  1.826745E+02  0.000000E+00
8.035794E-01  8.945606E+04  7.078559E+03  5.161449E+02  2.328473E+01  5.821183E+01  1.513508E+02  0.000000E+00
8.222971E-01  8.741600E+04  6.777110E+03  5.536979E+02  3.792451E+01  5.309432E+01  1.744528E+02  0.000000E+00
8.414509E-01  8.522975E+04  6.633963E+03  4.595594E+02  1.111837E+01  3.335512E+01  1.260082E+02  0.000000E+00
8.610508E-01  8.276815E+04  6.421385E+03  4.454768E+02  3.259587E+01  6.156997E+01  1.629793E+02  0.000000E+00
8.811073E-01  8.050187E+04  6.123026E+03  5.025836E+02  2.831457E+01  5.662914E+01  1.309549E+02  0.000000E+00
9.016309E-01  7.888386E+04  6.132376E+03  4.738497E+02  2.767005E+01  5.534011E+01  1.625616E+02  0.000000E+00
9.226326E-01  7.659138E+04  6.036726E+03  4.833437E+02  3.042023E+01  2.366018E+01  1.690013E+02  0.000000E+00
9.441234E-01  7.572327E+04  5.922435E+03  4.525229E+02  2.312161E+01  3.633396E+01  1.750636E+02  0.000000E+00
9.661149E-01  7.341212E+04  6.181428E+03  4.067153E+02  1.936740E+01  4.196269E+01  1.420276E+02  0.000000E+00
9.886186E-01  7.199025E+04  5.971324E+03  4.510826E+02  2.208096E+01  2.838981E+01  1.703389E+02  0.000000E+00
1.011646E+00  7.019434E+04  5.764500E+03  4.623930E+02  3.390882E+01  5.856978E+01  1.418005E+02  0.000000E+00
1.035211E+00  6.859652E+04  5.458561E+03  4.729548E+02  4.217432E+01  2.711206E+01  1.204980E+02  0.000000E+00
1.059324E+00  6.724704E+04  5.693463E+03  4.062553E+02  1.766328E+01  3.827043E+01  1.560256E+02  0.000000E+00
1.083999E+00  6.617373E+04  5.727845E+03  3.970078E+02  2.589182E+01  3.164555E+01  1.582278E+02  0.000000E+00
1.109248E+00  6.455779E+04  5.167322E+03  4.188961E+02  2.811383E+01  3.092521E+01  1.040212E+02  0.000000E+00
1.135086E+00  6.301135E+04  5.126626E+03  3.818869E+02  1.373694E+01  4.121082E+01  1.703381E+02  0.000000E+00
1.161526E+00  6.187505E+04  5.380439E+03  4.027275E+02  1.610910E+01  4.295760E+01  1.047091E+02  0.000000E+00
1.188581E+00  6.020948E+04  5.147769E+03  4.093027E+02  2.098988E+01  4.460350E+01  1.416817E+02  0.000000E+00
1.216267E+00  5.892099E+04  5.151100E+03  4.358820E+02  1.538407E+01  4.615221E+01  1.153805E+02  0.000000E+00
1.244597E+00  5.752215E+04  4.973711E+03  3.833641E+02  1.753953E+01  3.507907E+01  1.252824E+02  0.000000E+00
1.273587E+00  5.706736E+04  4.875187E+03  3.893293E+02  1.714029E+01  4.407502E+01  1.224306E+02  0.000000E+00
1.303253E+00  5.430390E+04  4.831215E+03  4.067887E+02  1.914300E+01  3.828600E+01  1.340010E+02  0.000000E+00
1.333610E+00  5.370852E+04  4.824133E+03  3.250385E+02  1.870725E+01  4.442972E+01  1.122435E+02  0.000000E+00
1.364674E+00  5.212491E+04  4.570356E+03  3.496322E+02  2.513696E+01  2.513696E+01  1.371107E+02  0.000000E+00
1.396461E+00  5.072625E+04  4.602545E+03  3.327410E+02  2.009845E+01  3.796373E+01  1.205907E+02  0.000000E+00
1.428989E+00  5.040086E+04  4.456314E+03  3.709957E+02  1.745862E+01  2.618793E+01  8.947544E+01  0.000000E+00
1.462274E+00  4.900408E+04  4.314355E+03  3.860100E+02  2.772448E+01  3.625508E+01  1.087653E+02  0.000000E+00
1.496335E+00  4.745928E+04  4.293260E+03  3.209525E+02  1.875696E+01  2.917750E+01  1.187941E+02  0.000000E+00
1.531189E+00  4.667837E+04  4.254597E+03  2.871700E+02  1.833000E+01  3.462334E+01  9.368668E+01  0.000000E+00
1.566855E+00  4.552628E+04  4.129886E+03  3.483037E+02  1.393215E+01  1.990307E+01  1.532536E+02  0.000000E+00
1.603352E+00  4.454638E+04  4.129239E+03  2.567402E+02  1.556001E+01  2.334002E+01  1.089201E+02  0.000000E+00
1.640699E+00  4.321876E+04  4.069459E+03  3.212231E+02  2.280874E+01  3.421311E+01  1.007386E+02  0.000000E+00
1.678915E+00  4.209381E+04  4.084560E+03  3.343432E+02  1.857462E+01  2.971940E+01  9.101565E+01  0.000000E+00
1.718022E+00  4.158762E+04  3.779207E+03  2.904290E+02  1.815181E+01  2.722772E+01  9.620461E+01  0.000000E+00
1.758040E+00  4.038376E+04  4.063919E+03  2.873658E+02  1.773863E+01  1.773863E+01  1.064318E+02  0.000000E+00
1.798990E+00  3.974014E+04  3.700990E+03  2.738906E+02  1.386788E+01  2.080182E+01  8.494075E+01  0.000000E+00
1.840894E+00  3.916757E+04  3.774289E+03  3.015366E+02  1.355221E+01  3.557454E+01  7.792518E+01  0.000000E+00
1.883774E+00  3.836871E+04  3.666855E+03  2.748072E+02  1.324372E+01  2.648744E+01  7.946232E+01  0.000000E+00
1.927653E+00  3.689837E+04  3.460436E+03  2.556096E+02  4.853346E+00  2.264895E+01  8.088910E+01  0.000000E+00
1.972553E+00  3.595570E+04  3.642524E+03  2.719246E+02  9.485741E+00  2.371435E+01  8.220975E+01  0.000000E+00
2.018500E+00  3.555594E+04  3.480817E+03  2.456502E+02  1.699467E+01  2.471952E+01  1.004230E+02  0.000000E+00
2.065517E+00  3.459862E+04  3.436309E+03  2.445879E+02  7.549010E+00  2.717644E+01  7.699990E+01  0.000000E+00
2.113629E+00  3.381106E+04  3.266613E+03  2.670537E+02  1.180348E+01  3.245956E+01  9.442782E+01  0.000000E+00
2.162862E+00  3.279776E+04  3.293185E+03  2.451145E+02  1.297665E+01  2.595330E+01  8.218544E+01  0.000000E+00
2.213241E+00  3.206669E+04  3.181588E+03  2.479891E+02  1.690835E+01  1.831738E+01  8.735981E+01  0.000000E+00
2.264794E+00  3.192059E+04  3.184899E+03  2.258208E+02  2.203129E+01  2.753912E+01  6.333997E+01  0.000000E+00
2.317548E+00  3.105001E+04  3.092217E+03  2.435559E+02  1.749296E+01  1.749296E+01  1.022665E+02  0.000000E+00
2.371531E+00  2.988298E+04  3.017885E+03  1.906725E+02  1.446481E+01  1.840976E+01  9.862369E+01  0.000000E+00
2.426771E+00  2.957285E+04  2.877227E+03  2.467296E+02  1.156545E+01  2.698605E+01  6.810765E+01  0.000000E+00
2.483298E+00  2.880049E+04  2.990057E+03  2.247880E+02  1.130219E+01  1.381378E+01  9.167330E+01  0.000000E+00
2.541141E+00  2.808845E+04  2.995627E+03  2.429882E+02  1.349934E+01  2.822590E+01  6.872394E+01  0.000000E+00
2.600332E+00  2.730157E+04  2.878268E+03  2.338593E+02  1.199278E+01  1.079351E+01  6.356175E+01  0.000000E+00
2.660901E+00  2.667191E+04  2.761184E+03  2.203321E+02  1.406375E+01  1.992365E+01  7.500669E+01  0.000000E+00
2.722882E+00  2.625147E+04  2.742998E+03  2.187527E+02  1.145302E+01  1.717953E+01  7.100872E+01  0.000000E+00
2.786306E+00  2.564160E+04  2.715256E+03  1.936271E+02  7.834622E+00  1.902694E+01  5.931928E+01  0.000000E+00
2.851207E+00  2.523949E+04  2.606418E+03  2.198447E+02  8.750039E+00  1.640632E+01  6.125027E+01  0.000000E+00
2.917620E+00  2.473444E+04  2.664663E+03  2.169782E+02  1.175744E+01  2.137716E+01  6.092491E+01  0.000000E+00
2.985580E+00  2.369198E+04  2.621765E+03  2.329297E+02  1.357886E+01  2.506867E+01  5.640450E+01  0.000000E+00
3.055124E+00  2.343135E+04  2.636601E+03  1.857768E+02  1.224902E+01  1.531127E+01  5.920358E+01  0.000000E+00
3.126287E+00  2.285908E+04  2.404014E+03  1.825455E+02  4.987582E+00  1.895281E+01  7.481372E+01  0.000000E+00
3.199107E+00  2.243818E+04  2.372688E+03  1.949620E+02  8.773291E+00  1.949620E+01  5.166493E+01  0.000000E+00
3.273624E+00  2.178548E+04  2.417751E+03  1.562298E+02  1.143145E+01  1.905241E+01  6.001510E+01  0.000000E+00
3.349876E+00  2.109874E+04  2.369233E+03  1.750160E+02  7.447491E+00  2.141154E+01  5.213244E+01  0.000000E+00
3.427905E+00  2.092688E+04  2.187938E+03  1.883174E+02  6.368220E+00  1.819491E+01  4.912627E+01  0.000000E+00
3.507751E+00  2.057144E+04  2.168362E+03  1.760294E+02  7.112299E+00  1.778075E+01  6.934491E+01  0.000000E+00
3.589457E+00  1.975565E+04  2.185033E+03  1.650721E+02  4.344002E+00  2.085121E+01  5.560322E+01  0.000000E+00
3.673066E+00  1.958104E+04  2.137843E+03  1.460321E+02  2.037658E+01  1.528243E+01  4.669632E+01  0.000000E+00
3.758623E+00  1.915358E+04  2.135642E+03  1.725772E+02  1.078607E+01  1.991275E+01  4.895218E+01  0.000000E+00
3.846173E+00  1.838678E+04  2.040002E+03  1.572975E+02  5.675682E+00  1.702705E+01  6.486494E+01  0.000000E+00
3.935762E+00  1.821308E+04  2.079933E+03  1.711488E+02  6.338843E+00  1.663946E+01  4.833368E+01  0.000000E+00
4.027437E+00  1.776366E+04  1.995420E+03  1.393774E+02  7.743192E+00  1.471206E+01  3.949028E+01  0.000000E+00
4.121248E+00  1.718527E+04  2.002211E+03  1.331781E+02  6.053548E+00  1.362048E+01  4.010476E+01  0.000000E+00
4.217245E+00  1.677560E+04  1.955156E+03  1.353228E+02  7.394691E+00  1.848673E+01  4.510761E+01  0.000000E+00
4.315477E+00  1.649490E+04  1.886082E+03  1.640385E+02  8.671640E+00  8.671640E+00  4.913929E+01  0.000000E+00
4.415997E+00  1.606788E+04  1.865041E+03  1.440622E+02  1.059281E+01  1.624231E+01  4.590219E+01  0.000000E+00
4.518859E+00  1.567936E+04  1.804645E+03  1.318115E+02  6.211014E+00  1.794293E+01  4.554744E+01  0.000000E+00
4.624117E+00  1.537978E+04  1.744683E+03  1.362296E+02  1.079046E+01  1.281367E+01  5.530111E+01  0.000000E+00
4.731826E+00  1.509757E+04  1.769556E+03  1.278562E+02  6.590525E+00  1.449915E+01  4.217936E+01  0.000000E+00
4.842045E+00  1.478032E+04  1.716395E+03  1.494197E+02  6.440506E+00  1.610127E+01  4.121924E+01  0.000000E+00
4.954830E+00  1.452947E+04  1.683619E+03  1.277662E+02  6.293902E+00  1.132902E+01  4.594549E+01  0.000000E+00
5.070243E+00  1.408065E+04  1.616387E+03  1.254730E+02  6.150636E+00  1.783684E+01  3.628875E+01  0.000000E+00
5.188344E+00  1.377877E+04  1.634290E+03  1.160052E+02  7.813819E+00  1.081913E+01  3.245740E+01  0.000000E+00
5.309196E+00  1.342871E+04  1.592390E+03  1.039665E+02  4.699049E+00  9.985480E+00  4.111668E+01  0.000000E+00
5.432863E+00  1.303062E+04  1.553273E+03  1.125061E+02  5.166097E+00  6.314118E+00  4.132877E+01  0.000000E+00
5.559411E+00  1.279403E+04  1.581864E+03  1.037748E+02  9.536059E+00  1.234078E+01  3.533951E+01  0.000000E+00
5.688906E+00  1.249841E+04  1.506388E+03  1.211469E+02  8.222640E+00  7.674464E+00  3.563144E+01  0.000000E+00
5.821418E+00  1.212499E+04  1.459241E+03  1.135680E+02  6.964074E+00  1.017826E+01  3.696316E+01  0.000000E+00
5.957016E+00  1.197149E+04  1.421837E+03  1.015598E+02  6.805552E+00  1.047008E+01  3.350426E+01  0.000000E+00
6.095773E+00  1.168261E+04  1.400727E+03  1.105029E+02  6.650639E+00  1.074334E+01  2.864891E+01  0.000000E+00
6.237762E+00  1.136819E+04  1.424836E+03  1.044880E+02  4.499482E+00  8.998964E+00  3.449603E+01  0.000000E+00
6.383058E+00  1.125061E+04  1.345501E+03  1.079723E+02  3.419937E+00  1.074837E+01  3.371080E+01  0.000000E+00
6.531738E+00  1.095059E+04  1.312964E+03  9.978524E+01  5.729296E+00  1.002627E+01  3.294345E+01  0.000000E+00
6.683882E+00  1.050490E+04  1.266280E+03  9.378126E+01  4.199161E+00  1.446378E+01  3.032727E+01  0.000000E+00
6.839570E+00  1.046321E+04  1.328647E+03  9.073463E+01  7.295247E+00  6.383341E+00  2.872503E+01  0.000000E+00
6.998884E+00  1.014171E+04  1.250727E+03  9.178828E+01  4.455742E+00  5.346890E+00  2.896232E+01  0.000000E+00
7.161909E+00  9.831612E+03  1.189599E+03  9.579497E+01  1.045036E+01  8.273202E+00  3.526996E+01  0.000000E+00
7.328731E+00  9.779301E+03  1.228476E+03  8.084881E+01  4.680720E+00  8.510401E+00  2.723328E+01  0.000000E+00
7.499439E+00  9.540480E+03  1.153108E+03  8.067180E+01  4.574174E+00  1.081168E+01  2.661338E+01  0.000000E+00
7.674123E+00  9.301368E+03  1.159369E+03  9.346475E+01  6.095527E+00  8.127369E+00  2.356937E+01  0.000000E+00
7.852877E+00  8.967728E+03  1.092076E+03  8.260063E+01  3.971184E+00  4.765421E+00  2.819541E+01  0.000000E+00
8.035794E+00  8.788434E+03  1.119608E+03  8.266080E+01  6.597341E+00  7.761578E+00  2.561321E+01  0.000000E+00
8.222971E+00  8.579662E+03  1.078573E+03  7.964148E+01  3.413206E+00  4.930187E+00  2.616791E+01  0.000000E+00
8.414509E+00  8.474795E+03  1.027708E+03  8.042290E+01  6.300412E+00  6.671024E+00  3.039022E+01  0.000000E+00
8.610508E+00  8.333676E+03  1.041981E+03  7.895443E+01  3.259587E+00  9.054407E+00  1.774664E+01  0.000000E+00
8.811073E+00  8.058327E+03  1.023926E+03  7.467968E+01  5.308982E+00  8.140439E+00  2.194379E+01  0.000000E+00
9.016309E+00  7.982119E+03  1.016874E+03  7.332564E+01  6.917513E+00  7.955140E+00  2.282779E+01  0.000000E+00
9.226326E+00  7.799409E+03  9.808835E+02  6.388249E+01  3.042023E+00  6.422049E+00  1.892814E+01  0.000000E+00
9.441234E+00  7.541938E+03  9.810168E+02  7.101637E+01  2.642470E+00  4.624322E+00  2.213068E+01  0.000000E+00
9.661149E+00  7.329914E+03  9.273755E+02  7.682401E+01  7.101379E+00  5.810219E+00  1.678508E+01  0.000000E+00
9.886186E+00  7.176314E+03  8.904938E+02  6.813555E+01  3.785308E+00  4.416193E+00  2.618172E+01  0.000000E+00
1.011646E+01  7.010186E+03  9.010499E+02  6.658459E+01  3.390882E+00  1.017265E+01  1.849572E+01  0.000000E+00
1.035211E+01  6.861159E+03  9.187976E+02  6.175525E+01  3.313696E+00  5.121167E+00  2.018342E+01  0.000000E+00
1.059324E+01  6.785642E+03  8.702107E+02  6.005514E+01  3.532655E+00  6.476535E+00  2.031277E+01  0.000000E+00
1.083999E+01  6.608167E+03  8.552930E+02  6.127730E+01  4.027616E+00  6.616797E+00  2.157651E+01  0.000000E+00
1.109248E+01  6.402644E+03  8.313259E+02  6.044473E+01  2.249106E+00  5.341628E+00  1.855513E+01  0.000000E+00
1.135086E+01  6.217614E+03  8.093805E+02  6.483836E+01  2.747388E+00  5.494776E+00  1.648433E+01  0.000000E+00
1.161526E+01  6.208178E+03  8.118986E+02  5.879821E+01  5.369700E+00  5.369700E+00  1.610910E+01  0.000000E+00
1.188581E+01  6.005730E+03  8.005016E+02  5.536081E+01  1.311868E+00  7.871206E+00  1.705428E+01  0.000000E+00
1.216267E+01  5.826204E+03  7.666395E+02  5.769026E+01  4.358820E+00  5.384425E+00  2.256330E+01  0.000000E+00
1.244597E+01  5.734676E+03  7.296446E+02  5.236804E+01  3.257342E+00  7.516943E+00  1.628671E+01  0.000000E+00
1.273587E+01  5.542679E+03  7.171985E+02  4.774794E+01  2.448612E+00  5.631808E+00  1.591598E+01  0.000000E+00
1.303253E+01  5.475376E+03  7.238447E+02  5.144681E+01  3.110737E+00  5.025037E+00  1.603226E+01  0.000000E+00
1.333610E+01  5.314263E+03  6.961436E+02  5.191262E+01  2.572247E+00  4.676813E+00  1.332892E+01  0.000000E+00
1.364674E+01  5.174557E+03  6.752701E+02  4.844577E+01  2.970731E+00  5.027391E+00  1.188292E+01  0.000000E+00
1.396461E+01  5.063022E+03  6.817840E+02  5.069275E+01  3.349741E+00  5.359586E+00  1.764197E+01  0.000000E+00
1.428989E+01  5.022191E+03  6.396403E+02  5.128471E+01  3.273492E+00  4.582889E+00  1.396690E+01  0.000000E+00
1.462274E+01  4.894010E+03  6.496058E+02  4.606528E+01  1.279591E+00  4.478569E+00  1.492856E+01  0.000000E+00
1.496335E+01  4.685281E+03  6.193966E+02  4.835128E+01  2.500928E+00  4.376625E+00  1.604762E+01  0.000000E+00
1.531189E+01  4.533213E+03  6.042791E+02  4.908367E+01  1.425667E+00  5.499001E+00  1.262733E+01  0.000000E+00
1.566855E+01  4.527749E+03  5.994804E+02  4.378675E+01  3.781583E+00  4.179644E+00  1.532536E+01  0.000000E+00
1.603352E+01  4.411653E+03  6.076186E+02  4.279004E+01  3.306503E+00  3.306503E+00  1.205901E+01  0.000000E+00
1.640699E+01  4.334230E+03  5.673674E+02  3.972522E+01  2.661019E+00  5.322039E+00  1.482568E+01  0.000000E+00
1.678915E+01  4.203623E+03  5.574244E+02  4.216439E+01  2.600447E+00  4.272163E+00  9.658804E+00  0.000000E+00
1.718022E+01  4.096683E+03  5.647029E+02  3.866336E+01  3.448844E+00  3.085808E+00  1.125412E+01  0.000000E+00
1.758040E+01  4.042456E+03  5.357065E+02  3.991191E+01  2.660794E+00  3.192953E+00  1.330397E+01  0.000000E+00
1.798990E+01  3.962053E+03  5.222989E+02  3.796331E+01  2.080182E+00  2.426879E+00  1.074760E+01  0.000000E+00
1.840894E+01  3.863395E+03  5.119346E+02  3.726857E+01  3.388051E+00  2.710441E+00  1.016415E+01  0.000000E+00
1.883774E+01  3.792505E+03  5.034269E+02  3.459922E+01  1.655465E+00  3.310930E+00  1.059498E+01  0.000000E+00
1.927653E+01  3.724458E+03  4.778928E+02  3.769432E+01  1.941338E+00  4.853346E+00  1.083914E+01  0.000000E+00
1.972553E+01  3.589879E+03  4.916776E+02  3.272581E+01  1.739052E+00  4.742870E+00  1.201527E+01  0.000000E+00
2.018500E+01  3.491168E+03  4.781682E+02  2.842745E+01  2.162958E+00  2.935443E+00  1.081479E+01  0.000000E+00
2.065517E+01  3.442047E+03  4.654720E+02  3.140388E+01  1.811762E+00  3.472545E+00  1.026665E+01  0.000000E+00
2.113629E+01  3.339942E+03  4.498601E+02  3.555798E+01  1.770522E+00  2.803326E+00  1.062313E+01  0.000000E+00
2.162862E+01  3.262906E+03  4.540385E+02  3.143232E+01  1.153480E+00  3.316254E+00  9.948763E+00  0.000000E+00
2.213241E+01  3.210473E+03  4.369400E+02  3.409851E+01  1.549932E+00  2.958961E+00  1.282217E+01  0.000000E+00
2.264794E+01  3.132299E+03  4.414520E+02  3.208307E+01  1.652347E+00  3.442390E+00  8.261735E+00  0.000000E+00
2.317548E+01  3.086835E+03  4.122957E+02  3.000716E+01  1.345612E+00  3.364031E+00  7.131746E+00  0.000000E+00
2.371531E+01  3.001974E+03  4.054091E+02  2.866662E+01  1.972474E+00  2.498467E+00  8.415889E+00  0.000000E+00
2.426771E+01  2.909610E+03  3.880851E+02  2.492997E+01  1.028040E+00  3.084120E+00  9.894885E+00  0.000000E+00
2.483298E+01  2.839989E+03  3.835209E+02  2.524155E+01  1.004639E+00  2.009278E+00  8.037111E+00  0.000000E+00
2.541141E+01  2.771538E+03  3.702502E+02  2.638508E+01  1.595377E+00  3.190754E+00  8.467771E+00  0.000000E+00
2.600332E+01  2.719963E+03  3.685382E+02  2.398557E+01  1.798918E+00  2.398557E+00  8.634804E+00  0.000000E+00
2.660901E+01  2.666371E+03  3.574537E+02  2.531476E+01  1.171979E+00  2.109563E+00  9.610232E+00  0.000000E+00
2.722882E+01  2.603386E+03  3.463393E+02  2.302057E+01  1.030772E+00  2.634195E+00  5.611980E+00  0.000000E+00
2.786306E+01  2.524203E+03  3.562515E+02  2.495887E+01  1.119232E+00  3.245772E+00  7.386929E+00  0.000000E+00
2.851207E+01  2.503824E+03  3.397203E+02  2.515636E+01  1.421881E+00  2.078134E+00  7.875035E+00  0.000000E+00
2.917620E+01  2.432721E+03  3.310253E+02  2.575948E+01  1.710173E+00  2.030830E+00  7.802663E+00  0.000000E+00
2.985580E+01  2.384970E+03  3.253704E+02  2.527757E+01  9.400750E-01  2.820225E+00  6.684978E+00  0.000000E+00
3.055124E+01  2.307307E+03  3.193931E+02  2.317106E+01  2.245653E+00  2.245653E+00  6.839035E+00  0.000000E+00
3.126287E+01  2.306258E+03  3.097288E+02  2.493791E+01  9.975163E-01  1.795529E+00  6.084849E+00  0.000000E+00
3.199107E+01  2.207262E+03  2.970246E+02  2.310300E+01  8.773291E-01  2.242063E+00  6.628708E+00  0.000000E+00
3.273624E+01  2.164735E+03  2.895967E+02  2.000503E+01  1.238407E+00  2.572076E+00  6.573083E+00  0.000000E+00
3.349876E+01  2.108292E+03  2.921278E+02  2.141154E+01  1.396405E+00  1.396405E+00  6.330367E+00  0.000000E+00
3.427905E+01  2.059118E+03  2.915735E+02  1.855881E+01  1.273644E+00  1.819491E+00  5.458474E+00  0.000000E+00
3.507751E+01  2.005935E+03  2.714231E+02  2.089238E+01  8.001336E-01  2.133690E+00  6.312165E+00  0.000000E+00
3.589457E+01  1.960448E+03  2.729771E+02  1.781041E+01  1.129441E+00  2.172001E+00  4.691522E+00  0.000000E+00
3.673066E+01  1.953435E+03  2.690557E+02  1.808421E+01  8.490241E-01  1.528243E+00  6.367681E+00  0.000000E+00
3.758623E+01  1.897685E+03  2.599444E+02  1.941493E+01  9.956375E-01  1.493456E+00  6.222734E+00  0.000000E+00
3.846173E+01  1.847678E+03  2.557300E+02  1.775678E+01  1.054055E+00  1.459461E+00  4.297302E+00  0.000000E+00
3.935762E+01  1.796745E+03  2.503051E+02  1.806570E+01  8.715909E-01  1.743182E+00  6.021901E+00  0.000000E+00
4.027437E+01  1.743302E+03  2.385677E+02  1.672529E+01  6.968872E-01  1.548638E+00  4.800779E+00  0.000000E+00
4.121248E+01  1.687502E+03  2.308672E+02  1.702560E+01  6.810242E-01  1.664726E+00  4.691500E+00  0.000000E+00
4.217245E+01  1.678964E+03  2.377393E+02  1.663805E+01  5.176283E-01  1.848673E+00  5.250230E+00  0.000000E+00
4.315477E+01  1.648117E+03  2.277751E+02  1.618706E+01  1.011691E+00  2.095646E+00  4.769402E+00  0.000000E+00
4.415997E+01  1.599373E+03  2.183532E+02  1.553612E+01  8.474250E-01  1.977325E+00  5.720118E+00  0.000000E+00
4.518859E+01  1.554893E+03  2.147631E+02  1.435434E+01  1.173192E+00  1.242203E+00  5.037823E+00  0.000000E+00
4.624117E+01  1.523613E+03  2.108186E+02  1.557873E+01  8.092846E-01  1.416248E+00  4.788267E+00  0.000000E+00
4.731826E+01  1.490777E+03  2.035813E+02  1.456506E+01  1.186294E+00  1.713536E+00  4.481557E+00  0.000000E+00
4.842045E+01  1.447053E+03  1.956626E+02  1.468435E+01  9.016709E-01  1.223696E+00  4.959190E+00  0.000000E+00
4.954830E+01  1.433562E+03  1.922787E+02  1.340601E+01  8.182073E-01  1.384659E+00  3.776341E+00  0.000000E+00
5.070243E+01  1.388075E+03  1.901777E+02  1.334688E+01  9.841017E-01  1.537659E+00  4.428458E+00  0.000000E+00
5.188344E+01  1.364954E+03  1.851274E+02  1.208137E+01  9.617008E-01  1.382445E+00  4.507973E+00  0.000000E+00
5.309196E+01  1.334295E+03  1.826755E+02  1.280491E+01  8.810717E-01  8.810717E-01  3.817977E+00  0.000000E+00
5.432863E+01  1.291811E+03  1.751881E+02  1.291524E+01  5.166097E-01  1.435027E+00  3.731070E+00  0.000000E+00
5.559411E+01  1.255843E+03  1.717052E+02  1.200422E+01  3.926613E-01  1.009700E+00  3.702235E+00  0.000000E+00
5.688906E+01  1.232629E+03  1.663166E+02  1.293695E+01  8.222640E-01  8.770816E-01  3.289056E+00  0.000000E+00
5.821418E+01  1.214534E+03  1.697091E+02  1.071396E+01  4.821282E-01  1.392815E+00  3.642746E+00  0.000000E+00
5.957016E+01  1.172021E+03  1.613963E+02  1.319230E+01  3.664528E-01  1.675213E+00  3.088674E+00  0.000000E+00
6.095773E+01  1.143705E+03  1.573643E+02  1.130609E+01  8.696989E-01  7.162226E-01  3.325319E+00  0.000000E+00
6.237762E+01  1.126820E+03  1.512826E+02  1.149868E+01  6.499252E-01  6.999194E-01  2.899666E+00  0.000000E+00
6.383058E+01  1.106056E+03  1.485230E+02  9.624679E+00  5.374186E-01  7.328435E-01  2.638237E+00  0.000000E+00
6.531738E+01  1.067129E+03  1.460016E+02  9.310106E+00  9.548826E-01  1.193603E+00  2.291718E+00  0.000000E+00
6.683882E+01  1.047597E+03  1.388056E+02  9.424783E+00  6.998601E-01  1.213091E+00  2.332867E+00  0.000000E+00
6.839570E+01  1.021243E+03  1.445371E+02  8.845487E+00  2.735718E-01  6.383341E-01  3.282861E+00  0.000000E+00
6.998884E+01  1.003299E+03  1.384399E+02  9.624402E+00  4.901316E-01  9.802632E-01  2.539773E+00  0.000000E+00
7.161909E+01  9.693144E+02  1.315439E+02  9.492410E+00  7.402338E-01  9.579497E-01  2.786763E+00  0.000000E+00
7.328731E+01  9.509522E+02  1.294857E+02  8.169985E+00  1.702080E-01  8.935921E-01  2.127600E+00  0.000000E+00
7.499439E+01  9.336305E+02  1.250413E+02  7.900846E+00  3.742506E-01  9.564182E-01  2.786088E+00  0.000000E+00
7.674123E+01  9.145729E+02  1.240237E+02  8.411827E+00  7.314632E-01  5.282790E-01  2.519485E+00  0.000000E+00
7.852877E+01  8.976067E+02  1.202872E+02  8.140927E+00  3.176947E-01  7.942368E-01  2.303287E+00  0.000000E+00
8.035794E+01  8.829571E+02  1.161132E+02  8.110849E+00  1.940394E-01  8.925814E-01  2.250857E+00  0.000000E+00
8.222971E+01  8.619483E+02  1.151009E+02  7.016035E+00  2.275471E-01  4.930187E-01  2.465093E+00  0.000000E+00
8.414509E+01  8.328403E+02  1.084783E+02  7.189882E+00  3.335512E-01  9.635924E-01  2.223675E+00  0.000000E+00
8.610508E+01  8.123976E+02  1.103189E+02  7.605702E+00  4.346115E-01  1.050311E+00  2.028187E+00  0.000000E+00
8.811073E+01  7.932681E+02  1.016847E+02  7.503361E+00  3.185389E-01  7.786507E-01  1.628088E+00  0.000000E+00
9.016309E+01  7.761104E+02  9.850539E+01  6.433287E+00  3.458757E-01  5.879886E-01  1.902316E+00  0.000000E+00
9.226326E+01  7.613508E+02  1.027528E+02  6.219247E+00  5.070039E-01  6.422049E-01  2.061816E+00  0.000000E+00
9.441234E+01  7.396933E+02  9.806865E+01  6.507081E+00  2.642470E-01  5.945557E-01  1.981852E+00  0.000000E+00
9.661149E+01  7.162063E+02  9.393188E+01  6.455799E+00  4.196269E-01  5.487429E-01  1.484834E+00  0.000000E+00
9.886186E+01  7.056130E+02  8.986953E+01  6.308847E+00  2.838981E-01  2.838981E-01  1.703389E+00  0.000000E+00
1.011646E+02  6.921715E+02  8.840954E+01  6.565981E+00  3.390882E-01  5.548716E-01  2.311965E+00  0.000000E+00
1.035211E+02  6.717163E+02  8.446913E+01  5.663408E+00  3.614941E-01  5.422412E-01  1.717097E+00  0.000000E+00
1.059324E+02  6.586341E+02  8.672669E+01  5.475616E+00  4.121431E-01  4.121431E-01  1.736889E+00  0.000000E+00
1.083999E+02  6.377442E+02  8.463747E+01  4.948214E+00  2.589182E-01  3.739929E-01  1.294591E+00  0.000000E+00
1.109248E+02  6.409953E+02  7.793154E+01  5.088603E+00  5.060489E-01  4.217074E-01  1.658716E+00  0.000000E+00
1.135086E+02  6.075849E+02  8.124026E+01  4.835403E+00  3.571604E-01  4.121082E-01  1.098955E+00  0.000000E+00
1.161526E+02  5.959293E+02  7.842446E+01  5.530791E+00  2.684850E-01  3.490305E-01  1.261879E+00  0.000000E+00
1.188581E+02  5.916785E+02  7.446161E+01  5.011334E+00  2.361362E-01  3.935603E-01  1.075731E+00  0.000000E+00
1.216267E+02  5.763642E+02  7.174105E+01  4.538301E+00  5.897227E-01  5.640826E-01  1.435847E+00  0.000000E+00
1.244597E+02  5.605886E+02  6.985746E+01  5.462312E+00  2.004518E-01  4.009036E-01  1.077429E+00  0.000000E+00
1.273587E+02  5.495175E+02  6.885497E+01  4.138155E+00  2.938335E-01  3.672918E-01  1.199820E+00  0.000000E+00
1.303253E+02  5.302132E+02  6.793372E+01  3.972172E+00  3.350025E-01  4.546462E-01  1.076794E+00  0.000000E+00
1.333610E+02  5.197576E+02  6.601321E+01  3.881755E+00  2.338406E-01  1.403044E-01  1.145819E+00  0.000000E+00
1.364674E+02  5.119941E+02  6.332228E+01  4.159024E+00  1.599624E-01  1.828142E-01  1.279700E+00  0.000000E+00
1.396461E+02  4.890399E+02  6.020602E+01  3.617721E+00  2.679793E-01  2.679793E-01  9.825908E-01  0.000000E+00
1.428989E+02  4.834511E+02  6.071236E+01  3.884544E+00  1.745862E-01  2.182328E-01  1.047517E+00  0.000000E+00
1.462274E+02  4.765198E+02  5.962895E+01  3.582855E+00  2.345917E-01  4.905100E-01  1.343571E+00  0.000000E+00
1.496335E+02  4.666524E+02  5.852172E+01  3.001114E+00  1.458875E-01  4.376625E-01  1.167100E+00  0.000000E+00
1.531189E+02  4.499201E+02  5.527514E+01  3.686367E+00  3.055000E-01  2.240334E-01  9.165001E-01  0.000000E+00
1.566855E+02  4.425447E+02  5.250429E+01  2.925751E+00  9.951534E-02  2.388368E-01  1.214087E+00  0.000000E+00
1.603352E+02  4.285617E+02  5.092015E+01  3.306503E+00  1.750502E-01  3.890004E-01  9.919509E-01  0.000000E+00
1.640699E+02  4.190535E+02  5.156675E+01  3.250245E+00  1.330510E-01  3.611383E-01  9.313568E-01  0.000000E+00
1.678915E+02  4.116694E+02  4.846119E+01  2.841917E+00  1.671716E-01  2.786193E-01  1.040179E+00  0.000000E+00
1.718022E+02  4.066914E+02  4.616006E+01  2.595709E+00  2.722772E-01  3.811881E-01  8.531352E-01  0.000000E+00
1.758040E+02  3.850701E+02  4.693641E+01  2.926873E+00  8.869314E-02  2.128635E-01  7.095451E-01  0.000000E+00
1.798990E+02  3.794598E+02  4.403051E+01  2.808245E+00  1.560136E-01  1.733485E-01  5.547151E-01  0.000000E+00
1.840894E+02  3.732447E+02  4.409549E+01  2.778202E+00  1.524623E-01  1.694026E-01  6.945506E-01  0.000000E+00
1.883774E+02  3.664868E+02  4.146940E+01  2.433534E+00  1.489919E-01  1.655465E-01  5.297488E-01  0.000000E+00
1.927653E+02  3.575136E+02  4.047691E+01  2.669340E+00  2.264895E-01  2.750229E-01  6.309350E-01  0.000000E+00
1.972553E+02  3.436368E+02  3.974525E+01  2.055244E+00  6.323827E-02  1.580957E-01  6.007636E-01  0.000000E+00
2.018500E+02  3.359073E+02  3.944308E+01  2.162958E+00  1.081479E-01  1.235976E-01  4.789407E-01  0.000000E+00
2.065517E+02  3.325641E+02  3.641643E+01  2.294899E+00  1.207842E-01  1.660782E-01  6.794109E-01  0.000000E+00
2.113629E+02  3.213202E+02  3.650226E+01  2.404959E+00  1.918065E-01  1.770522E-01  6.049282E-01  0.000000E+00
2.162862E+02  3.125354E+02  3.359510E+01  2.306960E+00  1.297665E-01  1.297665E-01  5.334844E-01  0.000000E+00
2.213241E+02  3.049562E+02  3.314037E+01  1.817648E+00  1.127223E-01  1.972641E-01  4.367991E-01  0.000000E+00
2.264794E+02  2.992263E+02  3.173883E+01  1.955277E+00  1.376956E-01  1.790043E-01  4.130867E-01  0.000000E+00
2.317548E+02  2.883648E+02  3.078761E+01  1.843489E+00  1.614735E-01  1.883857E-01  3.767715E-01  0.000000E+00
2.371531E+02  2.854433E+02  2.985010E+01  1.788376E+00  1.183484E-01  1.446481E-01  4.733937E-01  0.000000E+00
2.426771E+02  2.786888E+02  2.946620E+01  1.696266E+00  6.425250E-02  1.028040E-01  2.955615E-01  0.000000E+00
2.483298E+02  2.720311E+02  2.838105E+01  1.645096E+00  8.790590E-02  2.511597E-01  3.139497E-01  0.000000E+00
2.541141E+02  2.643049E+02  2.823817E+01  1.239485E+00  1.227213E-01  1.718098E-01  4.663410E-01  0.000000E+00
2.600332E+02  2.585644E+02  2.753543E+01  1.223264E+00  9.594227E-02  1.678990E-01  3.717763E-01  0.000000E+00
2.660901E+02  2.498777E+02  2.585387E+01  1.441535E+00  1.171979E-01  8.203856E-02  3.750334E-01  0.000000E+00
2.722882E+02  2.472020E+02  2.552878E+01  1.282738E+00  1.145302E-01  1.374362E-01  3.435906E-01  0.000000E+00
2.786306E+02  2.402655E+02  2.367175E+01  1.264732E+00  6.715390E-02  8.953854E-02  2.462310E-01  0.000000E+00
2.851207E+02  2.340854E+02  2.270635E+01  1.476569E+00  8.750039E-02  6.562529E-02  3.171889E-01  0.000000E+00
2.917620E+02  2.326369E+02  2.227500E+01  8.978407E-01  5.344290E-02  1.175744E-01  3.420346E-01  0.000000E+00
2.985580E+02  2.229649E+02  2.207087E+01  1.138535E+00  4.178111E-02  8.356222E-02  2.506867E-01  0.000000E+00
3.055124E+02  2.191451E+02  2.036399E+01  1.122827E+00  9.186763E-02  1.122827E-01  2.143578E-01  0.000000E+00
3.126287E+02  2.114535E+02  1.909246E+01  8.977647E-01  5.985098E-02  8.977647E-02  2.194536E-01  0.000000E+00
3.199107E+02  2.079172E+02  1.997386E+01  1.004054E+00  5.848860E-02  9.748101E-02  1.462215E-01  0.000000E+00
3.273624E+02  1.995931E+02  1.881426E+01  9.049896E-01  3.810483E-02  9.526207E-02  1.333669E-01  0.000000E+00
3.349876E+02  1.944540E+02  1.700821E+01  1.024030E+00  7.447491E-02  1.024030E-01  1.675685E-01  0.000000E+00
3.427905E+02  1.908465E+02  1.648459E+01  8.733559E-01  4.548728E-02  9.097457E-02  1.455593E-01  0.000000E+00
3.507751E+02  1.876313E+02  1.646497E+01  7.823529E-01  1.778075E-02  8.001336E-02  1.244652E-01  0.000000E+00
3.589457E+02  1.840380E+02  1.570791E+01  8.427364E-01  3.475202E-02  4.344002E-02  1.390081E-01  0.000000E+00
3.673066E+02  1.785328E+02  1.402588E+01  6.367681E-01  4.245120E-02  6.792193E-02  1.273536E-01  0.000000E+00
3.758623E+02  1.745519E+02  1.406338E+01  7.550251E-01  2.489094E-02  4.148490E-02  1.825335E-01  0.000000E+00
3.846173E+02  1.680894E+02  1.367029E+01  6.486494E-01  4.054058E-02  6.486494E-02  1.783786E-01  0.000000E+00
3.935762E+02  1.658004E+02  1.369982E+01  6.259607E-01  3.961777E-02  3.169421E-02  1.188533E-01  0.000000E+00
4.027437E+02  1.608338E+02  1.292339E+01  5.884826E-01  2.322957E-02  3.871596E-02  1.084047E-01  0.000000E+00
4.121248E+02  1.557275E+02  1.203899E+01  5.826540E-01  3.783468E-02  6.810242E-02  6.810242E-02  0.000000E+00
4.217245E+02  1.538909E+02  1.181672E+01  4.732602E-01  7.394691E-03  2.957876E-02  5.915752E-02  0.000000E+00
4.315477E+02  1.488559E+02  1.078174E+01  4.408084E-01  2.167910E-02  3.613183E-02  8.671640E-02  0.000000E+00
4.415997E+02  1.453899E+02  1.105183E+01  3.460319E-01  2.824750E-02  2.118562E-02  7.768062E-02  0.000000E+00
4.518859E+02  1.421356E+02  1.004804E+01  4.554744E-01  2.070338E-02  2.070338E-02  6.211014E-02  0.000000E+00
4.624117E+02  1.387518E+02  9.313516E+00  3.844102E-01  2.697615E-02  3.372019E-02  4.046423E-02  0.000000E+00
4.731826E+02  1.320412E+02  8.435872E+00  3.690694E-01  6.590525E-03  1.977157E-02  3.954315E-02  0.000000E+00
4.842045E+02  1.295572E+02  8.108597E+00  2.447392E-01  3.864304E-02  2.576202E-02  6.440506E-02  0.000000E+00
4.954830E+02  1.253934E+02  8.150604E+00  3.272829E-01  0.000000E+00  2.517561E-02  3.146951E-02  0.000000E+00
5.070243E+02  1.227052E+02  7.817458E+00  2.152722E-01  1.845191E-02  3.075318E-02  3.075318E-02  0.000000E+00
5.188344E+02  1.182832E+02  7.453181E+00  2.945209E-01  0.000000E+00  1.202126E-02  7.813819E-02  0.000000E+00
5.309196E+02  1.165482E+02  6.796000E+00  2.819430E-01  1.174762E-02  1.174762E-02  5.286430E-02  0.000000E+00
5.432863E+02  1.132868E+02  6.469101E+00  3.042257E-01  1.722032E-02  2.870054E-02  2.870054E-02  0.000000E+00
5.559411E+02  1.110278E+02  5.929185E+00  2.580345E-01  2.243779E-02  1.682834E-02  2.804723E-02  0.000000E+00
5.688906E+02  1.075412E+02  5.903855E+00  2.028251E-01  1.096352E-02  1.096352E-02  2.192704E-02  0.000000E+00
5.821418E+02  1.042843E+02  5.533760E+00  1.874943E-01  5.356980E-03  1.071396E-02  3.214188E-02  0.000000E+00
5.957016E+02  1.023293E+02  5.030873E+00  1.675213E-01  1.047008E-02  5.235040E-03  2.094016E-02  0.000000E+00
6.095773E+02  9.813273E+01  4.752649E+00  1.483604E-01  1.023175E-02  5.115876E-03  3.069526E-02  0.000000E+00
6.237762E+02  9.523903E+01  4.454487E+00  1.799793E-01  0.000000E+00  1.499827E-02  1.499827E-02  0.000000E+00
6.383058E+02  9.269494E+01  4.558287E+00  1.221406E-01  0.000000E+00  4.885624E-03  1.465687E-02  0.000000E+00
6.531738E+02  9.054197E+01  4.201484E+00  1.480068E-01  1.432324E-02  1.432324E-02  9.548826E-03  0.000000E+00
6.683882E+02  8.829902E+01  3.746585E+00  1.213091E-01  0.000000E+00  4.665734E-03  1.399720E-02  0.000000E+00
6.839570E+02  8.615686E+01  3.574671E+00  1.003096E-01  0.000000E+00  0.000000E+00  4.559529E-03  0.000000E+00
6.998884E+02  8.295254E+01  3.096740E+00  9.802632E-02  0.000000E+00  4.455742E-03  1.782297E-02  0.000000E+00
7.161909E+02  8.037633E+01  2.952227E+00  8.708633E-02  0.000000E+00  8.708633E-03  0.000000E+00  0.000000E+00
7.328731E+02  7.889567E+01  2.616948E+00  8.084881E-02  4.255200E-03  1.276560E-02  8.510401E-03  0.000000E+00
7.499439E+02  7.588139E+01  2.669654E+00  9.564182E-02  0.000000E+00  0.000000E+00  8.316680E-03  0.000000E+00
7.674123E+02  7.434511E+01  2.454466E+00  5.689159E-02  0.000000E+00  4.063685E-03  2.031842E-02  0.000000E+00
7.852877E+02  7.206905E+01  2.172238E+00  4.368302E-02  3.971184E-03  0.000000E+00  0.000000E+00  0.000000E+00
8.035794E+02  6.988913E+01  2.033533E+00  8.149656E-02  0.000000E+00  0.000000E+00  0.000000E+00  0.000000E+00
8.222971E+02  6.772939E+01  1.911395E+00  4.930187E-02  0.000000E+00  7.584902E-03  0.000000E+00  0.000000E+00
8.414509E+02  6.474600E+01  1.919772E+00  4.076737E-02  0.000000E+00  1.111837E-02  7.412249E-03  0.000000E+00
8.610508E+02  6.360902E+01  1.709472E+00  6.156997E-02  7.243526E-03  3.621763E-03  3.621763E-03  0.000000E+00
8.811073E+02  6.073122E+01  1.553762E+00  3.893254E-02  0.000000E+00  0.000000E+00  0.000000E+00  0.000000E+00
9.016309E+02  5.914474E+01  1.400796E+00  3.458757E-02  3.458757E-03  0.000000E+00  3.458757E-03  0.000000E+00
9.226326E+02  5.758550E+01  1.429751E+00  2.704021E-02  3.380026E-03  0.000000E+00  0.000000E+00  0.000000E+00
9.441234E+02  5.575611E+01  1.334447E+00  2.972778E-02  0.000000E+00  3.303087E-03  0.000000E+00  0.000000E+00
9.661149E+02  5.381877E+01  1.136221E+00  1.936740E-02  0.000000E+00  0.000000E+00  0.000000E+00  0.000000E+00
9.886186E+02  5.182718E+01  1.113512E+00  1.261769E-02  0.000000E+00  3.154424E-03  0.000000E+00  0.000000E+00
