# Er [keV]  dR/dEr H1 [1/keV/decay]  O16  S32  S34  Ca40  Ca44
1.011646E-03  1.072301E+08  3.498663E+06  2.242134E+05  0.000000E+00  6.259291E+05  2.335556E+04
1.035211E-03  1.055287E+08  3.419024E+06  1.643323E+05  0.000000E+00  6.527643E+05  3.651828E+04
1.059324E-03  1.037556E+08  3.376885E+06  1.873569E+05  0.000000E+00  5.174618E+05  2.676527E+04
1.083999E-03  1.007486E+08  3.321814E+06  1.700141E+05  0.000000E+00  4.926050E+05  3.487469E+04
1.109248E-03  9.809319E+07  3.335662E+06  1.917047E+05  0.000000E+00  4.813919E+05  8.520211E+03
1.135086E-03  9.601435E+07  3.376301E+06  1.540359E+05  0.000000E+00  4.912498E+05  2.081567E+04
1.161526E-03  9.384507E+07  3.527276E+06  1.261194E+05  0.000000E+00  4.800675E+05  2.034185E+04
1.188581E-03  9.179636E+07  3.458913E+06  2.226427E+05  0.000000E+00  4.850429E+05  1.987881E+04
1.216267E-03  9.100061E+07  3.442342E+06  2.408863E+05  0.000000E+00  4.778873E+05  1.165579E+04
1.244597E-03  8.628660E+07  3.401953E+06  1.936380E+05  0.000000E+00  5.733203E+05  1.518729E+04
1.273587E-03  8.478256E+07  3.369040E+06  1.743886E+05  0.000000E+00  4.304060E+05  2.226238E+04
1.303253E-03  8.292520E+07  3.328611E+06  1.667931E+05  0.000000E+00  3.625938E+05  7.251875E+03
1.333610E-03  8.154075E+07  3.352058E+06  1.700833E+05  0.000000E+00  4.287516E+05  2.480381E+04
1.364674E-03  7.979546E+07  3.203038E+06  1.835254E+05  0.000000E+00  4.847841E+05  2.077646E+04
1.396461E-03  7.789450E+07  3.573422E+06  1.556604E+05  0.000000E+00  3.823832E+05  1.353569E+04
1.428989E-03  7.556585E+07  3.425943E+06  1.455034E+05  0.000000E+00  3.406101E+05  1.984137E+04
1.462274E-03  7.413983E+07  3.448139E+06  1.260332E+05  0.000000E+00  4.524269E+05  9.694861E+03
1.496335E-03  7.215535E+07  3.435969E+06  1.926416E+05  0.000000E+00  4.673928E+05  9.474179E+03
1.531189E-03  7.079373E+07  3.413308E+06  1.604810E+05  0.000000E+00  3.549100E+05  9.258521E+03
1.566855E-03  6.950498E+07  3.528631E+06  1.236529E+05  0.000000E+00  3.830223E+05  2.111147E+04
1.603352E-03  6.868914E+07  3.280315E+06  1.237855E+05  0.000000E+00  3.772509E+05  2.652546E+04
1.640699E-03  6.630473E+07  3.525346E+06  1.123272E+05  0.000000E+00  4.003457E+05  2.016129E+04
1.678915E-03  6.453369E+07  3.484504E+06  1.294727E+05  0.000000E+00  3.433841E+05  1.407312E+04
1.718022E-03  6.301522E+07  3.385933E+06  1.375278E+05  0.000000E+00  3.438194E+05  1.925389E+04
1.758040E-03  6.204852E+07  3.381435E+06  1.290213E+05  0.000000E+00  3.494328E+05  1.881561E+04
1.798990E-03  6.044962E+07  3.425295E+06  1.260845E+05  0.000000E+00  3.441055E+05  7.880279E+03
1.840894E-03  5.902741E+07  3.275450E+06  1.617189E+05  0.000000E+00  3.106030E+05  2.310271E+04
1.883774E-03  5.734764E+07  3.504425E+06  1.254268E+05  0.000000E+00  3.035329E+05  1.003414E+04
1.927653E-03  5.620404E+07  3.368271E+06  1.299260E+05  0.000000E+00  2.966236E+05  1.716004E+04
1.972553E-03  5.497020E+07  3.509603E+06  1.173860E+05  0.000000E+00  2.970585E+05  9.582533E+03
2.018500E-03  5.343097E+07  3.389916E+06  1.217373E+05  0.000000E+00  3.300954E+05  1.404661E+04
2.065517E-03  5.275008E+07  3.479762E+06  1.121028E+05  0.000000E+00  2.859765E+05  4.575624E+03
2.113629E-03  5.153816E+07  3.391610E+06  9.166514E+04  0.000000E+00  2.705239E+05  1.341441E+04
2.162862E-03  5.019023E+07  3.240123E+06  9.831796E+04  0.000000E+00  2.359631E+05  1.092422E+04
2.213241E-03  4.935735E+07  3.465284E+06  9.821508E+04  0.000000E+00  2.711590E+05  1.281066E+04
2.264794E-03  4.828183E+07  3.315463E+06  1.043255E+05  0.000000E+00  2.608137E+05  1.043255E+04
2.317548E-03  4.642428E+07  3.311360E+06  1.060288E+05  0.000000E+00  2.711889E+05  1.019507E+04
2.371531E-03  4.574016E+07  3.146317E+06  8.368924E+04  0.000000E+00  2.550529E+05  1.195561E+04
2.426771E-03  4.529679E+07  3.123379E+06  8.178424E+04  0.000000E+00  2.103023E+05  7.788975E+03
2.483298E-03  4.390986E+07  3.120787E+06  7.611677E+04  0.000000E+00  2.645058E+05  3.805838E+03
2.541141E-03  4.302193E+07  3.198518E+06  8.554176E+04  0.000000E+00  2.324504E+05  1.301722E+04
2.600332E-03  4.226979E+07  2.865841E+06  7.996004E+04  0.000000E+00  2.307938E+05  7.269095E+03
2.660901E-03  4.101281E+07  2.715363E+06  6.926039E+04  0.000000E+00  2.290921E+05  1.775907E+04
2.722882E-03  4.017643E+07  2.849663E+06  7.289028E+04  0.000000E+00  1.891676E+05  1.041290E+04
2.786306E-03  3.943659E+07  2.750877E+06  9.497480E+04  0.000000E+00  2.255651E+05  1.187185E+04
2.851207E-03  3.784115E+07  2.708148E+06  8.949816E+04  0.000000E+00  2.436339E+05  1.657373E+03
2.917620E-03  3.766651E+07  2.578478E+06  6.478588E+04  0.000000E+00  2.073148E+05  6.478588E+03
2.985580E-03  3.634536E+07  2.515036E+06  7.122506E+04  0.000000E+00  1.820196E+05  6.331117E+03
3.055124E-03  3.560620E+07  2.434586E+06  8.507129E+04  0.000000E+00  2.103581E+05  7.733754E+03
3.126287E-03  3.474129E+07  2.327775E+06  7.557712E+04  0.000000E+00  1.662697E+05  3.023085E+03
3.199107E-03  3.406422E+07  2.388528E+06  5.465401E+04  0.000000E+00  1.713477E+05  8.862813E+03
3.273624E-03  3.340719E+07  2.390456E+06  8.372368E+04  0.000000E+00  2.020917E+05  7.217559E+03
3.349876E-03  3.259738E+07  2.218958E+06  7.617529E+04  0.000000E+00  2.003128E+05  5.642614E+03
3.427905E-03  3.187881E+07  2.263568E+06  6.892715E+04  0.000000E+00  1.654252E+05  8.271258E+03
3.507751E-03  3.059139E+07  2.179711E+06  5.523371E+04  0.000000E+00  1.562710E+05  9.430145E+03
3.589457E-03  3.038478E+07  2.103764E+06  5.397643E+04  0.000000E+00  1.737778E+05  7.898990E+03
3.673066E-03  2.952461E+07  2.021141E+06  5.532084E+04  0.000000E+00  1.633895E+05  6.432656E+03
3.758623E-03  2.886763E+07  1.971362E+06  5.783333E+04  0.000000E+00  1.546413E+05  6.286231E+03
3.846173E-03  2.821175E+07  1.936317E+06  5.283100E+04  0.000000E+00  1.351491E+05  6.143139E+03
3.935762E-03  2.774727E+07  1.996699E+06  6.603635E+04  0.000000E+00  1.488819E+05  0.000000E+00
4.027437E-03  2.698308E+07  1.939515E+06  4.693322E+04  0.000000E+00  1.478396E+05  9.386644E+03
4.121248E-03  2.613267E+07  1.866701E+06  6.191760E+04  0.000000E+00  1.307149E+05  8.026355E+03
4.217245E-03  2.580450E+07  1.843258E+06  5.714662E+04  0.000000E+00  1.535115E+05  6.723131E+03
4.315477E-03  2.522697E+07  1.759690E+06  4.599066E+04  0.000000E+00  1.324969E+05  4.380063E+03
4.415997E-03  2.495878E+07  1.733546E+06  4.387369E+04  0.000000E+00  1.626537E+05  1.070090E+04
4.518859E-03  2.396295E+07  1.687811E+06  5.960672E+04  0.000000E+00  1.390823E+05  5.228659E+03
4.624117E-03  2.355953E+07  1.661655E+06  5.416219E+04  0.000000E+00  1.440919E+05  2.043856E+03
4.731826E-03  2.312511E+07  1.674763E+06  3.994665E+04  0.000000E+00  1.158453E+05  3.994665E+03
4.842045E-03  2.250894E+07  1.511721E+06  4.489295E+04  0.000000E+00  1.151602E+05  9.759338E+02
4.954830E-03  2.190597E+07  1.607016E+06  3.147272E+04  0.000000E+00  1.230297E+05  2.861156E+03
5.070243E-03  2.154060E+07  1.494011E+06  6.151263E+04  0.000000E+00  1.220932E+05  6.524066E+03
5.188344E-03  2.098835E+07  1.455449E+06  5.009369E+04  0.000000E+00  1.156709E+05  2.732383E+03
5.309196E-03  2.056667E+07  1.544258E+06  4.005280E+04  0.000000E+00  1.201584E+05  3.560249E+03
5.432863E-03  2.015244E+07  1.437782E+06  3.566188E+04  0.000000E+00  1.209025E+05  3.479207E+03
5.559411E-03  1.944211E+07  1.365954E+06  3.995013E+04  0.000000E+00  1.096504E+05  5.100017E+03
5.688906E-03  1.912000E+07  1.346491E+06  4.402468E+04  0.000000E+00  1.187836E+05  4.153272E+03
5.821418E-03  1.867991E+07  1.360487E+06  4.626954E+04  0.000000E+00  9.578607E+04  2.435239E+03
5.957016E-03  1.831895E+07  1.286682E+06  4.442305E+04  0.000000E+00  1.316826E+05  1.586537E+03
6.095773E-03  1.796786E+07  1.268246E+06  3.100847E+04  0.000000E+00  1.023279E+05  3.100847E+03
6.237762E-03  1.763916E+07  1.213620E+06  3.257533E+04  0.000000E+00  1.007562E+05  7.575658E+03
6.383058E-03  1.699482E+07  1.238558E+06  4.589993E+04  0.000000E+00  1.021644E+05  2.961286E+03
6.531738E-03  1.672300E+07  1.197342E+06  3.545001E+04  0.000000E+00  9.332759E+04  5.064288E+03
6.683882E-03  1.618114E+07  1.178572E+06  3.676408E+04  0.000000E+00  9.544520E+04  4.949011E+03
6.839570E-03  1.584460E+07  1.153817E+06  4.076358E+04  0.000000E+00  9.327261E+04  3.454541E+03
6.998884E-03  1.548528E+07  1.182917E+06  3.645978E+04  0.000000E+00  8.237211E+04  1.350362E+03
7.161909E-03  1.520471E+07  1.113763E+06  3.035136E+04  0.000000E+00  8.643540E+04  5.938310E+03
7.328731E-03  1.513716E+07  1.085187E+06  2.901569E+04  0.000000E+00  7.930954E+04  6.447930E+03
7.499439E-03  1.448447E+07  9.836107E+05  2.646486E+04  0.000000E+00  9.010655E+04  5.671042E+03
7.674123E-03  1.425082E+07  1.033882E+06  2.709399E+04  0.000000E+00  9.606052E+04  3.078863E+03
7.852877E-03  1.381872E+07  9.953042E+05  3.791062E+04  0.000000E+00  8.665285E+04  3.610535E+03
8.035794E-03  1.363766E+07  9.779409E+05  2.999097E+04  0.000000E+00  7.821175E+04  5.880582E+03
8.222971E-03  1.319965E+07  9.447614E+05  2.758428E+04  0.000000E+00  7.873012E+04  2.873362E+03
8.414509E-03  1.296096E+07  9.064083E+05  2.864115E+04  0.000000E+00  6.907572E+04  3.369548E+03
8.610508E-03  1.276033E+07  8.901664E+05  2.414755E+04  0.000000E+00  7.847953E+04  3.841655E+03
8.811073E-03  1.225910E+07  9.053005E+05  2.842472E+04  0.000000E+00  8.044732E+04  2.145262E+03
9.016309E-03  1.215091E+07  8.747353E+05  2.620537E+04  0.000000E+00  7.442326E+04  3.668752E+03
9.226326E-03  1.176318E+07  8.420195E+05  2.407233E+04  0.000000E+00  7.580224E+04  2.048709E+03
9.441234E-03  1.148190E+07  8.343647E+05  1.901971E+04  0.000000E+00  7.307574E+04  1.501556E+03
9.661149E-03  1.113445E+07  8.173288E+05  2.445628E+04  0.000000E+00  6.994495E+04  2.934753E+03
9.886186E-03  1.089486E+07  8.144978E+05  2.581155E+04  0.000000E+00  6.405089E+04  2.389958E+03
1.011646E-02  1.072581E+07  7.870825E+05  2.896090E+04  0.000000E+00  7.427069E+04  2.802668E+03
1.035211E-02  1.053461E+07  7.518201E+05  2.464984E+04  0.000000E+00  6.664586E+04  2.738871E+03
1.059324E-02  1.020917E+07  7.864528E+05  2.899571E+04  0.000000E+00  5.977576E+04  2.230439E+03
1.083999E-02  9.963262E+06  7.201623E+05  1.700141E+04  0.000000E+00  6.190257E+04  1.307801E+03
1.109248E-02  9.683219E+06  7.208098E+05  2.428260E+04  0.000000E+00  5.878945E+04  1.278032E+03
1.135086E-02  9.427416E+06  7.081490E+05  2.414617E+04  0.000000E+00  6.994064E+04  2.081567E+03
1.161526E-02  9.404442E+06  7.005731E+05  2.278287E+04  0.000000E+00  5.655033E+04  2.034185E+03
1.188581E-02  8.965342E+06  6.655425E+05  1.868608E+04  0.000000E+00  5.645582E+04  2.385457E+03
1.216267E-02  8.861506E+06  6.830291E+05  2.175747E+04  0.000000E+00  6.294125E+04  3.108210E+03
1.244597E-02  8.598285E+06  6.511551E+05  1.784507E+04  0.000000E+00  5.353520E+04  1.518729E+03
1.273587E-02  8.338374E+06  6.122154E+05  1.595471E+04  0.000000E+00  5.009035E+04  1.484159E+03
1.303253E-02  8.239581E+06  6.341765E+05  1.776709E+04  0.000000E+00  5.402647E+04  1.450375E+03
1.333610E-02  8.064781E+06  6.169062E+05  1.736267E+04  0.000000E+00  5.456838E+04  2.126041E+03
1.364674E-02  8.008633E+06  5.831260E+05  2.423921E+04  0.000000E+00  4.709331E+04  1.731372E+03
1.396461E-02  7.746474E+06  5.766203E+05  1.488926E+04  0.000000E+00  5.989542E+04  3.045530E+03
1.428989E-02  7.561545E+06  5.591959E+05  1.355827E+04  0.000000E+00  5.257962E+04  2.645516E+03
1.462274E-02  7.439190E+06  5.538997E+05  1.615810E+04  0.000000E+00  4.879747E+04  2.585296E+03
1.496335E-02  7.208903E+06  5.283434E+05  1.831675E+04  0.000000E+00  4.831831E+04  1.579030E+03
1.531189E-02  7.046351E+06  5.295874E+05  1.913428E+04  0.000000E+00  4.567537E+04  1.543087E+03
1.566855E-02  6.922751E+06  5.093895E+05  1.779395E+04  0.000000E+00  4.825478E+04  1.507962E+03
1.603352E-02  6.641090E+06  5.081098E+05  1.738891E+04  0.000000E+00  4.067236E+04  2.652546E+03
1.640699E-02  6.600519E+06  5.152650E+05  2.102535E+04  0.000000E+00  4.118664E+04  1.152074E+03
1.678915E-02  6.431978E+06  4.849597E+05  1.998383E+04  0.000000E+00  4.418959E+04  1.688774E+03
1.718022E-02  6.235783E+06  4.948249E+05  1.650333E+04  0.000000E+00  4.180844E+04  5.501110E+02
1.758040E-02  6.151899E+06  4.510371E+05  1.397731E+04  0.000000E+00  4.273832E+04  2.419150E+03
1.798990E-02  6.019745E+06  4.475998E+05  1.313380E+04  0.000000E+00  4.229083E+04  1.576056E+03
1.840894E-02  5.936625E+06  4.515296E+05  1.360493E+04  0.000000E+00  4.261166E+04  2.310271E+03
1.883774E-02  5.750317E+06  4.327225E+05  1.354609E+04  0.000000E+00  4.013658E+04  2.257682E+03
1.927653E-02  5.602999E+06  4.201759E+05  1.372803E+04  0.000000E+00  4.142925E+04  1.961148E+03
1.972553E-02  5.430901E+06  4.118094E+05  1.197817E+04  0.000000E+00  4.407965E+04  2.395633E+03
2.018500E-02  5.348013E+06  3.947098E+05  1.240784E+04  0.000000E+00  3.558475E+04  1.638771E+03
2.065517E-02  5.227193E+06  3.880129E+05  1.258297E+04  0.000000E+00  3.637621E+04  2.516593E+03
2.113629E-02  5.093228E+06  3.908065E+05  1.140225E+04  0.000000E+00  4.091395E+04  1.565015E+03
2.162862E-02  5.002418E+06  3.897761E+05  1.048725E+04  0.000000E+00  3.779779E+04  8.739374E+02
2.213241E-02  4.880222E+06  3.631823E+05  1.345120E+04  0.000000E+00  3.715092E+04  8.540442E+02
2.264794E-02  4.804396E+06  3.611748E+05  1.043255E+04  0.000000E+00  3.380145E+04  1.043255E+03
2.317548E-02  4.626524E+06  3.613134E+05  1.366140E+04  0.000000E+00  3.792567E+04  1.835113E+03
2.371531E-02  4.550503E+06  3.467126E+05  1.394821E+04  0.000000E+00  3.825794E+04  1.195561E+03
2.426771E-02  4.447700E+06  3.489461E+05  1.148874E+04  0.000000E+00  3.446622E+04  1.557795E+03
2.483298E-02  4.348551E+06  3.269215E+05  1.103693E+04  0.000000E+00  3.482342E+04  9.514596E+02
2.541141E-02  4.265558E+06  3.391917E+05  1.357511E+04  0.000000E+00  3.086942E+04  1.115762E+03
2.600332E-02  4.147564E+06  3.291083E+05  1.054019E+04  0.000000E+00  3.507338E+04  9.086368E+02
2.660901E-02  4.054219E+06  3.074096E+05  1.296412E+04  0.000000E+00  3.214393E+04  7.103630E+02
2.722882E-02  3.972520E+06  3.132547E+05  8.677415E+03  0.000000E+00  3.002385E+04  1.388386E+03
2.786306E-02  3.852754E+06  3.006970E+05  1.000627E+04  0.000000E+00  2.527008E+04  6.783914E+02
2.851207E-02  3.753951E+06  2.853997E+05  1.093866E+04  0.000000E+00  3.049567E+04  1.491636E+03
2.917620E-02  3.689880E+06  2.876493E+05  9.393952E+03  0.000000E+00  2.688614E+04  6.478588E+02
2.985580E-02  3.652738E+06  2.855334E+05  1.028806E+04  0.000000E+00  2.769864E+04  1.741057E+03
3.055124E-02  3.534171E+06  2.743936E+05  1.036323E+04  0.000000E+00  2.691346E+04  1.237401E+03
3.126287E-02  3.497558E+06  2.590784E+05  9.976180E+03  0.000000E+00  2.645199E+04  9.069255E+02
3.199107E-02  3.366687E+06  2.700204E+05  8.862813E+03  0.000000E+00  2.629301E+04  1.033995E+03
3.273624E-02  3.309395E+06  2.550685E+05  1.010458E+04  0.000000E+00  2.497275E+04  1.732214E+03
3.349876E-02  3.218688E+06  2.558925E+05  8.322855E+03  0.000000E+00  2.595602E+04  7.053267E+02
3.427905E-02  3.139770E+06  2.531005E+05  9.511947E+03  0.000000E+00  2.743301E+04  9.649801E+02
3.507751E-02  3.055636E+06  2.459921E+05  7.409400E+03  0.000000E+00  2.047689E+04  5.388654E+02
3.589457E-02  2.993191E+06  2.290707E+05  7.635691E+03  0.000000E+00  2.738317E+04  1.184849E+03
3.673066E-02  2.909619E+06  2.287453E+05  8.105147E+03  0.000000E+00  2.328622E+04  1.286531E+03
3.758623E-02  2.874316E+06  2.335963E+05  9.177897E+03  0.000000E+00  2.338478E+04  1.005797E+03
3.846173E-02  2.807415E+06  2.198015E+05  8.231806E+03  0.000000E+00  2.272961E+04  8.600395E+02
3.935762E-02  2.741709E+06  2.176798E+05  9.125022E+03  0.000000E+00  2.509381E+04  7.203965E+02
4.027437E-02  2.683641E+06  2.065062E+05  8.095980E+03  0.000000E+00  2.229328E+04  9.386644E+02
4.121248E-02  2.574740E+06  2.133864E+05  7.682369E+03  0.000000E+00  2.040987E+04  5.733111E+02
4.217245E-02  2.586837E+06  2.081930E+05  7.843653E+03  0.000000E+00  1.949708E+04  1.232574E+03
4.315477E-02  2.502658E+06  2.102430E+05  8.212618E+03  0.000000E+00  2.069580E+04  5.475078E+02
4.415997E-02  2.418725E+06  1.959335E+05  6.420540E+03  0.000000E+00  1.979667E+04  3.210270E+02
4.518859E-02  2.379877E+06  1.918918E+05  6.588111E+03  0.000000E+00  1.871860E+04  6.274391E+02
4.624117E-02  2.301893E+06  1.863997E+05  7.255689E+03  0.000000E+00  2.074514E+04  9.197353E+02
4.731826E-02  2.281253E+06  1.905455E+05  7.989329E+03  0.000000E+00  2.047266E+04  3.994665E+02
4.842045E-02  2.211271E+06  1.827924E+05  7.026723E+03  0.000000E+00  2.068980E+04  8.783404E+02
4.954830E-02  2.169901E+06  1.718601E+05  5.150081E+03  0.000000E+00  2.021884E+04  7.629750E+02
5.070243E-02  2.132811E+06  1.739130E+05  6.803669E+03  0.000000E+00  1.985180E+04  5.592057E+02
5.188344E-02  2.057940E+06  1.674951E+05  5.646925E+03  0.000000E+00  1.830697E+04  1.001874E+03
5.309196E-02  2.025603E+06  1.692008E+05  5.340373E+03  0.000000E+00  1.771224E+04  6.230435E+02
5.432863E-02  1.987410E+06  1.639577E+05  5.653712E+03  0.000000E+00  1.965752E+04  4.349009E+02
5.559411E-02  1.938261E+06  1.578455E+05  5.440018E+03  0.000000E+00  1.861506E+04  6.800022E+02
5.688906E-02  1.912748E+06  1.591534E+05  5.897646E+03  0.000000E+00  1.619776E+04  9.967852E+02
5.821418E-02  1.845992E+06  1.591023E+05  5.925748E+03  0.000000E+00  1.371851E+04  4.058732E+02
5.957016E-02  1.830230E+06  1.545287E+05  7.298072E+03  0.000000E+00  1.515143E+04  8.725956E+02
6.095773E-02  1.780119E+06  1.491507E+05  4.496228E+03  0.000000E+00  1.713218E+04  4.651270E+02
6.237762E-02  1.736795E+06  1.480284E+05  5.227204E+03  0.000000E+00  1.568161E+04  6.818092E+02
6.383058E-02  1.697557E+06  1.388103E+05  4.886122E+03  0.000000E+00  1.502853E+04  9.624179E+02
6.531738E-02  1.638659E+06  1.407872E+05  4.413165E+03  0.000000E+00  1.808674E+04  3.617348E+02
6.683882E-02  1.602278E+06  1.404812E+05  5.161111E+03  0.000000E+00  1.689734E+04  9.191020E+02
6.839570E-02  1.570227E+06  1.374907E+05  4.905448E+03  0.000000E+00  1.547634E+04  8.290898E+02
6.998884E-02  1.542789E+06  1.328757E+05  4.996341E+03  0.000000E+00  1.471895E+04  8.777356E+02
7.161909E-02  1.516578E+06  1.309727E+05  6.400178E+03  0.000000E+00  1.570353E+04  2.639249E+02
7.328731E-02  1.478768E+06  1.281849E+05  3.933238E+03  0.000000E+00  1.502368E+04  4.513551E+02
7.499439E-02  1.441957E+06  1.218644E+05  4.284787E+03  0.000000E+00  1.392556E+04  5.040926E+02
7.674123E-02  1.409811E+06  1.252481E+05  4.803026E+03  0.000000E+00  1.379331E+04  4.310408E+02
7.852877E-02  1.370379E+06  1.219157E+05  4.934398E+03  0.000000E+00  1.492355E+04  2.407023E+02
8.035794E-02  1.321955E+06  1.197287E+05  5.116107E+03  0.000000E+00  1.452504E+04  2.940291E+02
8.222971E-02  1.297898E+06  1.161413E+05  4.597379E+03  0.000000E+00  1.390707E+04  5.746724E+02
8.414509E-02  1.285033E+06  1.123183E+05  4.773526E+03  0.000000E+00  1.375899E+04  3.931139E+02
8.610508E-02  1.258581E+06  1.084993E+05  4.500225E+03  0.000000E+00  1.267746E+04  6.036887E+02
8.811073E-02  1.227036E+06  1.083894E+05  3.110630E+03  0.000000E+00  1.265705E+04  2.681577E+02
9.016309E-02  1.181391E+06  1.046118E+05  3.930806E+03  0.000000E+00  1.352197E+04  4.716967E+02
9.226326E-02  1.168942E+06  1.047403E+05  5.019338E+03  0.000000E+00  1.244591E+04  4.609596E+02
9.441234E-02  1.128820E+06  1.039577E+05  3.853994E+03  0.000000E+00  1.236281E+04  6.006225E+02
9.661149E-02  1.118972E+06  9.963487E+04  4.597780E+03  0.000000E+00  1.193466E+04  4.402130E+02
9.886186E-02  1.090681E+06  1.007606E+05  3.059147E+03  0.000000E+00  1.204539E+04  5.735900E+02
1.011646E-01  1.061604E+06  9.921443E+04  3.082934E+03  0.000000E+00  1.177120E+04  3.269779E+02
1.035211E-01  1.054694E+06  9.038275E+04  4.564785E+03  0.000000E+00  1.086419E+04  2.738871E+02
1.059324E-01  1.022522E+06  9.390148E+04  3.434876E+03  0.000000E+00  1.298115E+04  3.568702E+02
1.083999E-01  9.906591E+05  8.718672E+04  3.705436E+03  0.000000E+00  1.107271E+04  3.923402E+02
1.109248E-01  9.791426E+05  9.120886E+04  4.387909E+03  0.000000E+00  1.286552E+04  3.408084E+02
1.135086E-01  9.583533E+05  8.759233E+04  3.455401E+03  0.000000E+00  9.325419E+03  4.163134E+02
1.161526E-01  9.285239E+05  8.612737E+04  2.969909E+03  0.000000E+00  1.061844E+04  4.475206E+02
1.188581E-01  9.139878E+05  8.694991E+04  3.697458E+03  0.000000E+00  9.502070E+03  2.385457E+02
1.216267E-01  8.886372E+05  8.178477E+04  3.768704E+03  0.000000E+00  9.324629E+03  1.942631E+02
1.244597E-01  8.607018E+05  8.110014E+04  2.809649E+03  0.000000E+00  9.871740E+03  4.176505E+02
1.273587E-01  8.486419E+05  7.977353E+04  3.116733E+03  0.000000E+00  9.832551E+03  3.710397E+02
1.303253E-01  8.296871E+05  7.581836E+04  3.372122E+03  0.000000E+00  9.717513E+03  3.263344E+02
1.333610E-01  8.121121E+05  7.763592E+04  3.118193E+03  0.000000E+00  9.248277E+03  2.126041E+02
1.364674E-01  7.781131E+05  7.739232E+04  3.116469E+03  0.000000E+00  9.072388E+03  4.501567E+02
1.396461E-01  7.662214E+05  7.173915E+04  3.011691E+03  0.000000E+00  1.011793E+04  3.383922E+02
1.428989E-01  7.516240E+05  7.347920E+04  2.810860E+03  0.000000E+00  8.796339E+03  2.976205E+02
1.462274E-01  7.374558E+05  7.413337E+04  3.393201E+03  0.000000E+00  9.436332E+03  4.201107E+02
1.496335E-01  7.214272E+05  6.995102E+04  2.810673E+03  0.000000E+00  8.779406E+03  3.473866E+02
1.531189E-01  7.183377E+05  6.737117E+04  2.715833E+03  0.000000E+00  8.703009E+03  2.468939E+02
1.566855E-01  6.863036E+05  6.728526E+04  2.684172E+03  0.000000E+00  8.595382E+03  1.809554E+02
1.603352E-01  6.706519E+05  6.737466E+04  2.682018E+03  0.000000E+00  8.900764E+03  2.947273E+02
1.640699E-01  6.556164E+05  6.451614E+04  2.937788E+03  0.000000E+00  9.274195E+03  4.032259E+02
1.678915E-01  6.487145E+05  6.330089E+04  3.349402E+03  0.000000E+00  8.359432E+03  4.784860E+02
1.718022E-01  6.285843E+05  6.430798E+04  2.365477E+03  0.000000E+00  8.856787E+03  2.750555E+02
1.758040E-01  6.089270E+05  6.104323E+04  2.526668E+03  0.000000E+00  7.956316E+03  2.150356E+02
1.798990E-01  6.006086E+05  5.970625E+04  2.626760E+03  0.000000E+00  8.510701E+03  2.364084E+02
1.840894E-01  5.879639E+05  5.886056E+04  2.797994E+03  0.000000E+00  7.213178E+03  3.337058E+02
1.883774E-01  5.740032E+05  5.932688E+04  2.709219E+03  0.000000E+00  7.525608E+03  2.508536E+02
1.927653E-01  5.531172E+05  5.743712E+04  2.426920E+03  0.000000E+00  7.378819E+03  1.961148E+02
1.972553E-01  5.482407E+05  5.775872E+04  2.611240E+03  0.000000E+00  7.330638E+03  1.437380E+02
2.018500E-01  5.345672E+05  5.548412E+04  2.270869E+03  0.000000E+00  7.468115E+03  2.575212E+02
2.065517E-01  5.202942E+05  5.380934E+04  2.356446E+03  0.000000E+00  7.687048E+03  2.059031E+02
2.113629E-01  5.097029E+05  5.406007E+04  2.191020E+03  0.000000E+00  7.020208E+03  2.012162E+02
2.162862E-01  4.975544E+05  5.269843E+04  2.119298E+03  0.000000E+00  6.882257E+03  3.932718E+02
2.213241E-01  4.828339E+05  5.073022E+04  1.964302E+03  0.000000E+00  6.191820E+03  2.989155E+02
2.264794E-01  4.772682E+05  4.980498E+04  2.336890E+03  0.000000E+00  6.614235E+03  2.921113E+02
2.317548E-01  4.629787E+05  4.846738E+04  2.059405E+03  0.000000E+00  6.606407E+03  1.835113E+02
2.371531E-01  4.577204E+05  5.208659E+04  2.311417E+03  0.000000E+00  6.754917E+03  1.394821E+02
2.426771E-01  4.399603E+05  4.868110E+04  1.908299E+03  0.000000E+00  6.679046E+03  1.363071E+02
2.483298E-01  4.300217E+05  4.631705E+04  2.074182E+03  0.000000E+00  6.546042E+03  3.615546E+02
2.541141E-01  4.262955E+05  4.691779E+04  1.915392E+03  0.000000E+00  6.564400E+03  1.859603E+02
2.600332E-01  4.185545E+05  4.694018E+04  1.889965E+03  0.000000E+00  6.196903E+03  3.816275E+02
2.660901E-01  4.053331E+05  4.592497E+04  2.219884E+03  0.000000E+00  5.913772E+03  1.243135E+02
2.722882E-01  3.949959E+05  4.501843E+04  2.082579E+03  0.000000E+00  5.657674E+03  1.909031E+02
2.786306E-01  3.874972E+05  4.346793E+04  1.848617E+03  0.000000E+00  6.427758E+03  2.204772E+02
2.851207E-01  3.717820E+05  4.271051E+04  2.436339E+03  0.000000E+00  5.618495E+03  2.320323E+02
2.917620E-01  3.653437E+05  4.123621E+04  2.008362E+03  0.000000E+00  5.701157E+03  2.429470E+02
2.985580E-01  3.621557E+05  4.153213E+04  1.899335E+03  0.000000E+00  5.555555E+03  1.899335E+02
3.055124E-01  3.521951E+05  4.210256E+04  1.469413E+03  0.000000E+00  5.413628E+03  2.938826E+02
3.126287E-01  3.453421E+05  3.987449E+04  1.904543E+03  0.000000E+00  5.607822E+03  2.116159E+02
3.199107E-01  3.374221E+05  3.806578E+04  2.053218E+03  0.000000E+00  5.878999E+03  1.329422E+02
3.273624E-01  3.336678E+05  3.825306E+04  1.804390E+03  0.000000E+00  4.922375E+03  2.598321E+02
3.349876E-01  3.228280E+05  3.961115E+04  1.636358E+03  0.000000E+00  5.219418E+03  1.692784E+02
3.427905E-01  3.142802E+05  3.593862E+04  1.778321E+03  0.000000E+00  5.210893E+03  1.378543E+02
3.507751E-01  3.108445E+05  3.675062E+04  1.778256E+03  0.000000E+00  5.146165E+03  1.616596E+02
3.589457E-01  2.983449E+05  3.571660E+04  1.448148E+03  0.000000E+00  5.700438E+03  1.974748E+02
3.673066E-01  2.992343E+05  3.495505E+04  1.595299E+03  0.000000E+00  4.811627E+03  1.415184E+02
3.758623E-01  2.855583E+05  3.516518E+04  1.408116E+03  0.000000E+00  4.865543E+03  1.508695E+02
3.846173E-01  2.788125E+05  3.414357E+04  1.879801E+03  0.000000E+00  4.803935E+03  1.965804E+02
3.935762E-01  2.756357E+05  3.285008E+04  1.236681E+03  0.000000E+00  4.514485E+03  2.281256E+02
4.027437E-01  2.680239E+05  3.299405E+04  1.220264E+03  0.000000E+00  4.622922E+03  1.877329E+02
4.121248E-01  2.603062E+05  3.267873E+04  1.490609E+03  0.000000E+00  4.529158E+03  1.261284E+02
4.217245E-01  2.571374E+05  3.110569E+04  1.658372E+03  0.000000E+00  4.257983E+03  1.344626E+02
4.315477E-01  2.508571E+05  3.174450E+04  1.346869E+03  0.000000E+00  4.204860E+03  1.752025E+02
4.415997E-01  2.478543E+05  3.012304E+04  1.423220E+03  0.000000E+00  4.387369E+03  1.177099E+02
4.518859E-01  2.393785E+05  2.951055E+04  1.422195E+03  0.000000E+00  3.931952E+03  1.673171E+02
4.624117E-01  2.344712E+05  2.987096E+04  1.318287E+03  0.000000E+00  4.159247E+03  1.430699E+02
4.731826E-01  2.289642E+05  3.005985E+04  1.418106E+03  0.000000E+00  3.715038E+03  1.797599E+02
4.842045E-01  2.227764E+05  2.923898E+04  1.532216E+03  0.000000E+00  3.757345E+03  2.049461E+02
4.954830E-01  2.197654E+05  2.825869E+04  1.392429E+03  0.000000E+00  3.853024E+03  1.621322E+02
5.070243E-01  2.129269E+05  2.809077E+04  1.090451E+03  0.000000E+00  4.203363E+03  1.677617E+02
5.188344E-01  2.087267E+05  2.813444E+04  1.366192E+03  0.000000E+00  3.697825E+03  1.184033E+02
5.309196E-01  2.036017E+05  2.682647E+04  1.308391E+03  0.000000E+00  3.702659E+03  1.068075E+02
5.432863E-01  2.005067E+05  2.578093E+04  1.391683E+03  0.000000E+00  3.644470E+03  1.826584E+02
5.559411E-01  1.948716E+05  2.566158E+04  1.147504E+03  0.000000E+00  3.748512E+03  1.530005E+02
5.688906E-01  1.871298E+05  2.569214E+04  1.196142E+03  0.000000E+00  3.563507E+03  1.495178E+02
5.821418E-01  1.865799E+05  2.441733E+04  1.030918E+03  0.000000E+00  3.466157E+03  1.461143E+02
5.957016E-01  1.803576E+05  2.525768E+04  9.915859E+02  0.000000E+00  3.815623E+03  1.110576E+02
6.095773E-01  1.752056E+05  2.449669E+04  1.170570E+03  0.000000E+00  3.372171E+03  1.240339E+02
6.237762E-01  1.729447E+05  2.360575E+04  1.030289E+03  0.000000E+00  3.621164E+03  1.212105E+02
6.383058E-01  1.678827E+05  2.349780E+04  1.051256E+03  0.000000E+00  3.146366E+03  1.332579E+02
6.531738E-01  1.660291E+05  2.329572E+04  1.099674E+03  0.000000E+00  3.349665E+03  7.958167E+01
6.683882E-01  1.637486E+05  2.271596E+04  9.685921E+02  0.000000E+00  3.591568E+03  1.272603E+02
6.839570E-01  1.587569E+05  2.205379E+04  8.981806E+02  0.000000E+00  3.095269E+03  9.672715E+01
6.998884E-01  1.534349E+05  2.257131E+04  1.006020E+03  0.000000E+00  3.281381E+03  1.012772E+02
7.161909E-01  1.508595E+05  2.134492E+04  9.369333E+02  0.000000E+00  3.041734E+03  8.577559E+01
7.328731E-01  1.477608E+05  2.110408E+04  8.962623E+02  0.000000E+00  3.043423E+03  1.483024E+02
7.499439E-01  1.422486E+05  2.093875E+04  1.008185E+03  0.000000E+00  3.030857E+03  6.931273E+01
7.674123E-01  1.400944E+05  2.060991E+04  9.421320E+02  0.000000E+00  2.869500E+03  9.852361E+01
7.852877E-01  1.379345E+05  1.991812E+04  8.605109E+02  0.000000E+00  2.828253E+03  1.624741E+02
8.035794E-01  1.347065E+05  1.932359E+04  9.350126E+02  0.000000E+00  2.781515E+03  8.232815E+01
8.222971E-01  1.288301E+05  1.927451E+04  1.109118E+03  0.000000E+00  2.936576E+03  1.436681E+02
8.414509E-01  1.281720E+05  1.958269E+04  1.055792E+03  0.000000E+00  2.661943E+03  1.235501E+02
8.610508E-01  1.252160E+05  1.802834E+04  9.384615E+02  0.000000E+00  2.809896E+03  7.683310E+01
8.811073E-01  1.217168E+05  1.791830E+04  8.473785E+02  0.000000E+00  2.547499E+03  1.179894E+02
9.016309E-01  1.201831E+05  1.853244E+04  8.542952E+02  0.000000E+00  2.489510E+03  7.861612E+01
9.226326E-01  1.175857E+05  1.815156E+04  8.450926E+02  0.000000E+00  2.750392E+03  8.194837E+01
9.441234E-01  1.134326E+05  1.818885E+04  8.058352E+02  0.000000E+00  2.772874E+03  1.451504E+02
9.661149E-01  1.119657E+05  1.744222E+04  7.434708E+02  0.000000E+00  2.528779E+03  1.076076E+02
9.886186E-01  1.085567E+05  1.716946E+04  7.695666E+02  0.000000E+00  2.150963E+03  6.691884E+01
1.011646E+00  1.056092E+05  1.673660E+04  7.380358E+02  0.000000E+00  2.475690E+03  1.261200E+02
1.035211E+00  1.040269E+05  1.700382E+04  7.531895E+02  0.000000E+00  2.396512E+03  8.673092E+01
1.059324E+00  1.018775E+05  1.646956E+04  7.182013E+02  0.000000E+00  2.493631E+03  1.204437E+02
1.083999E+00  9.986367E+04  1.592901E+04  7.062124E+02  0.000000E+00  2.201465E+03  8.718672E+01
1.109248E+00  9.726247E+04  1.566441E+04  8.094200E+02  0.000000E+00  2.245076E+03  6.390158E+01
1.135086E+00  9.480288E+04  1.488737E+04  6.036544E+02  0.000000E+00  2.110709E+03  7.077327E+01
1.161526E+00  9.278729E+04  1.515467E+04  6.183921E+02  0.000000E+00  2.058595E+03  1.301878E+02
1.188581E+00  8.984824E+04  1.468646E+04  7.712978E+02  0.000000E+00  2.095226E+03  8.746676E+01
1.216267E+00  8.866557E+04  1.449980E+04  6.527241E+02  0.000000E+00  1.794991E+03  6.216420E+01
1.244597E+00  8.688270E+04  1.453803E+04  6.036948E+02  0.000000E+00  1.871834E+03  8.732693E+01
1.273587E+00  8.445234E+04  1.440376E+04  7.198169E+02  0.000000E+00  1.951669E+03  6.678714E+01
1.303253E+00  8.277653E+04  1.374956E+04  6.417910E+02  0.000000E+00  1.914495E+03  6.889282E+01
1.333610E+00  8.025804E+04  1.345075E+04  5.952914E+02  0.000000E+00  1.973675E+03  6.732462E+01
1.364674E+00  7.872894E+04  1.365706E+04  5.990546E+02  0.000000E+00  1.779850E+03  8.656859E+01
1.396461E+00  7.672705E+04  1.300441E+04  6.023381E+02  0.000000E+00  1.817166E+03  5.414275E+01
1.428989E+00  7.602881E+04  1.283406E+04  6.117755E+02  0.000000E+00  1.676596E+03  5.952410E+01
1.462274E+00  7.373265E+04  1.256777E+04  6.043130E+02  0.000000E+00  1.858182E+03  6.463241E+01
1.496335E+00  7.232273E+04  1.228801E+04  5.842410E+02  0.000000E+00  1.683246E+03  6.947731E+01
1.531189E+00  7.056227E+04  1.264405E+04  5.709421E+02  0.000000E+00  1.793067E+03  6.789582E+01
1.566855E+00  6.876004E+04  1.205465E+04  5.308026E+02  0.000000E+00  1.740188E+03  5.730255E+01
1.603352E+00  6.761044E+04  1.167709E+04  5.835600E+02  0.000000E+00  1.600369E+03  5.894546E+01
1.640699E+00  6.536579E+04  1.180300E+04  5.587558E+02  0.000000E+00  1.722350E+03  4.320277E+01
1.678915E+00  6.379345E+04  1.148929E+04  5.122615E+02  0.000000E+00  1.553672E+03  6.473634E+01
1.718022E+00  6.298221E+04  1.132679E+04  5.336077E+02  0.000000E+00  1.622827E+03  7.151443E+01
1.758040E+00  6.160769E+04  1.104477E+04  4.461988E+02  0.000000E+00  1.583199E+03  5.913478E+01
1.798990E+00  5.977717E+04  1.092469E+04  5.017111E+02  0.000000E+00  1.460478E+03  4.728167E+01
1.840894E+00  5.788511E+04  1.033461E+04  4.466523E+02  0.000000E+00  1.411832E+03  4.363844E+01
1.883774E+00  5.781172E+04  1.049571E+04  4.816389E+02  0.000000E+00  1.555292E+03  5.267926E+01
1.927653E+00  5.654479E+04  1.026661E+04  4.290011E+02  0.000000E+00  1.350741E+03  4.657726E+01
1.972553E+00  5.430182E+04  9.934691E+03  4.503791E+02  0.000000E+00  1.382280E+03  6.228647E+01
2.018500E+00  5.303064E+04  9.970753E+03  4.565149E+02  0.000000E+00  1.355498E+03  4.916314E+01
2.065517E+00  5.207289E+04  9.791835E+03  5.124699E+02  0.000000E+00  1.267448E+03  3.889280E+01
2.113629E+00  5.097923E+04  9.407973E+03  4.560900E+02  0.000000E+00  1.303434E+03  4.695044E+01
2.162862E+00  4.996737E+04  9.471297E+03  4.216748E+02  0.000000E+00  1.262840E+03  3.495750E+01
2.213241E+00  4.870827E+04  9.494836E+03  4.569136E+02  0.000000E+00  1.345120E+03  6.405331E+01
2.264794E+00  4.658758E+04  9.307918E+03  4.319074E+02  0.000000E+00  1.258165E+03  3.755717E+01
2.317548E+00  4.674033E+04  8.998172E+03  3.792567E+02  0.000000E+00  1.219331E+03  4.078029E+01
2.371531E+00  4.589359E+04  8.733570E+03  4.323944E+02  0.000000E+00  1.247368E+03  4.582982E+01
2.426771E+00  4.398240E+04  8.643815E+03  3.972377E+02  0.000000E+00  1.104087E+03  3.894488E+01
2.483298E+00  4.310873E+04  8.565039E+03  3.672634E+02  0.000000E+00  1.160781E+03  3.805838E+01
2.541141E+00  4.234875E+04  8.139484E+03  4.146916E+02  0.000000E+00  1.123200E+03  3.347286E+01
2.600332E+00  4.109764E+04  8.161376E+03  3.761757E+02  0.000000E+00  1.092181E+03  4.179729E+01
2.660901E+00  4.014972E+04  8.224228E+03  3.427501E+02  0.000000E+00  1.136581E+03  4.084587E+01
2.722882E+00  3.955860E+04  7.757609E+03  3.158579E+02  0.000000E+00  1.074264E+03  2.603224E+01
2.786306E+00  3.842409E+04  7.801501E+03  3.154520E+02  0.000000E+00  1.059987E+03  4.070348E+01
2.851207E+00  3.786269E+04  7.506244E+03  3.712516E+02  0.000000E+00  1.009340E+03  3.149009E+01
2.917620E+00  3.657972E+04  7.625298E+03  3.498437E+02  0.000000E+00  1.036574E+03  4.373047E+01
2.985580E+00  3.591168E+04  7.378917E+03  3.292181E+02  0.000000E+00  1.036720E+03  5.064893E+01
3.055124E+00  3.509113E+04  7.172283E+03  3.542059E+02  0.000000E+00  9.790932E+02  4.330902E+01
3.126287E+00  3.441933E+04  6.892633E+03  2.766123E+02  0.000000E+00  9.507602E+02  4.534627E+01
3.199107E+00  3.357972E+04  6.859817E+03  3.028128E+02  0.000000E+00  9.970665E+02  4.135979E+01
3.273624E+00  3.273307E+04  6.937518E+03  3.016940E+02  0.000000E+00  9.079689E+02  4.186184E+01
3.349876E+00  3.205851E+04  6.759851E+03  3.018798E+02  0.000000E+00  8.562667E+02  2.821307E+01
3.427905E+00  3.146938E+04  6.563244E+03  3.184434E+02  0.000000E+00  8.836461E+02  4.687046E+01
3.507751E+00  3.049170E+04  6.407110E+03  2.909873E+02  0.000000E+00  8.554489E+02  2.829044E+01
3.589457E+00  2.987925E+04  6.312610E+03  2.843637E+02  0.000000E+00  8.478250E+02  2.632997E+01
3.673066E+00  2.941010E+04  6.210086E+03  2.740312E+02  0.000000E+00  8.375318E+02  3.087675E+01
3.758623E+00  2.837479E+04  5.990778E+03  3.017391E+02  0.000000E+00  8.008658E+02  2.765942E+01
3.846173E+00  2.789722E+04  5.765950E+03  2.641550E+02  0.000000E+00  7.580634E+02  3.071570E+01
3.935762E+00  2.712173E+04  5.831610E+03  2.353295E+02  0.000000E+00  7.720249E+02  2.641454E+01
4.027437E+00  2.668505E+04  5.650759E+03  2.581327E+02  0.000000E+00  7.309849E+02  1.877329E+01
4.121248E+00  2.592742E+04  5.645968E+03  2.774826E+02  0.000000E+00  7.315450E+02  2.522569E+01
4.217245E+00  2.555798E+04  5.435652E+03  2.476353E+02  0.000000E+00  7.025672E+02  3.249513E+01
4.315477E+00  2.459953E+04  5.256075E+03  2.419985E+02  0.000000E+00  7.019051E+02  2.299533E+01
4.415997E+00  2.426215E+04  5.303366E+03  2.557515E+02  0.000000E+00  6.944885E+02  3.531297E+01
4.518859E+00  2.377471E+04  5.257940E+03  2.331982E+02  0.000000E+00  6.870458E+02  2.196037E+01
4.624117E+00  2.305470E+04  5.160737E+03  2.197145E+02  0.000000E+00  6.356393E+02  2.350435E+01
4.731826E+00  2.278257E+04  4.875488E+03  2.057252E+02  0.000000E+00  6.800917E+02  1.897466E+01
4.842045E+00  2.196241E+04  5.039722E+03  2.088498E+02  0.000000E+00  6.470441E+02  3.122988E+01
4.954830E+00  2.151208E+04  4.722815E+03  2.164942E+02  0.000000E+00  6.313618E+02  2.288925E+01
5.070243E+00  2.093573E+04  4.748588E+03  1.919940E+02  0.000000E+00  6.095342E+02  2.609627E+01
5.188344E+00  2.055390E+04  4.622281E+03  1.903560E+02  0.000000E+00  6.074998E+02  2.459145E+01
5.309196E+00  2.016703E+04  4.557118E+03  2.251857E+02  0.000000E+00  5.847708E+02  1.513106E+01
5.432863E+00  1.955663E+04  4.486438E+03  1.765698E+02  0.000000E+00  5.723296E+02  2.609406E+01
5.559411E+00  1.930101E+04  4.301014E+03  1.751006E+02  0.000000E+00  5.873519E+02  2.550008E+01
5.688906E+00  1.886582E+04  4.173207E+03  1.902198E+02  0.000000E+00  5.523851E+02  1.827440E+01
5.821418E+00  1.840310E+04  4.170753E+03  1.826429E+02  0.000000E+00  5.243881E+02  2.841112E+01
5.957016E+00  1.795008E+04  4.180526E+03  1.721393E+02  0.000000E+00  5.211776E+02  1.665864E+01
6.095773E+00  1.740350E+04  4.069862E+03  1.666705E+02  0.000000E+00  5.209423E+02  1.705466E+01
6.237762E+00  1.715432E+04  3.978735E+03  1.749977E+02  0.000000E+00  4.712059E+02  1.666645E+01
6.383058E+00  1.677939E+04  3.953317E+03  1.510256E+02  0.000000E+00  4.797283E+02  1.554675E+01
6.531738E+00  1.667308E+04  3.851753E+03  1.700154E+02  0.000000E+00  4.760431E+02  2.532144E+01
6.683882E+00  1.590541E+04  3.662975E+03  1.696804E+02  0.000000E+00  4.673280E+02  1.908904E+01
6.839570E+00  1.565114E+04  3.697050E+03  1.561453E+02  0.000000E+00  4.684358E+02  1.796361E+01
6.998884E+00  1.531784E+04  3.561581E+03  1.424632E+02  0.000000E+00  4.267145E+02  1.755471E+01
7.161909E+00  1.486623E+04  3.516799E+03  1.543961E+02  0.000000E+00  4.229396E+02  1.715512E+01
7.328731E+00  1.462842E+04  3.458670E+03  1.605535E+02  0.000000E+00  4.345905E+02  1.998858E+01
7.499439E+00  1.412089E+04  3.376160E+03  1.424062E+02  0.000000E+00  3.850007E+02  1.260232E+01
7.674123E+00  1.383949E+04  3.237116E+03  1.527116E+02  0.000000E+00  4.088730E+02  1.539431E+01
7.852877E+00  1.361774E+04  3.221199E+03  1.101213E+02  0.000000E+00  3.971589E+02  1.022985E+01
8.035794E+00  1.332775E+04  3.141407E+03  1.346653E+02  0.000000E+00  3.863543E+02  1.646563E+01
8.222971E+00  1.290772E+04  3.182536E+03  1.166585E+02  0.000000E+00  3.723877E+02  1.149345E+01
8.414509E+00  1.259031E+04  2.938245E+03  1.229885E+02  0.000000E+00  3.745814E+02  1.572456E+01
8.610508E+00  1.239208E+04  3.025029E+03  1.212865E+02  0.000000E+00  3.989833E+02  1.372020E+01
8.811073E+00  1.216417E+04  2.908975E+03  1.244252E+02  0.000000E+00  3.502140E+02  1.287157E+01
9.016309E+00  1.178770E+04  2.820222E+03  1.210688E+02  0.000000E+00  3.422422E+02  1.362679E+01
9.226326E+00  1.157982E+04  2.810829E+03  1.188251E+02  0.000000E+00  3.549389E+02  1.178008E+01
9.441234E+00  1.123865E+04  2.773374E+03  1.106146E+02  0.000000E+00  3.593725E+02  1.501556E+01
9.661149E+00  1.104837E+04  2.717092E+03  1.237488E+02  0.000000E+00  3.394531E+02  1.320639E+01
9.886186E+00  1.081265E+04  2.634212E+03  1.046802E+02  0.000000E+00  3.317262E+02  1.386176E+01
1.011646E+01  1.049973E+04  2.620961E+03  1.022974E+02  0.000000E+00  3.153001E+02  1.634889E+01
1.035211E+01  1.028948E+04  2.509719E+03  1.195974E+02  0.000000E+00  3.240997E+02  1.141196E+01
1.059324E+01  1.001601E+04  2.423595E+03  9.590888E+01  0.000000E+00  3.301050E+02  1.293655E+01
1.083999E+01  9.776247E+03  2.415508E+03  1.046241E+02  0.000000E+00  3.112566E+02  1.177021E+01
1.109248E+01  9.625708E+03  2.390345E+03  9.542636E+01  0.000000E+00  2.820190E+02  7.242179E+00
1.135086E+01  9.358724E+03  2.310955E+03  9.034000E+01  0.000000E+00  2.835094E+02  6.244700E+00
1.161526E+01  9.172138E+03  2.266488E+03  8.665626E+01  0.000000E+00  2.693260E+02  8.136738E+00
1.188581E+01  8.978860E+03  2.257437E+03  1.061528E+02  0.000000E+00  2.604124E+02  7.951523E+00
1.216267E+01  8.826150E+03  2.145053E+03  9.635450E+01  0.000000E+00  2.770192E+02  1.243284E+01
1.244597E+01  8.599044E+03  2.184312E+03  7.935360E+01  0.000000E+00  2.414779E+02  1.025142E+01
1.273587E+01  8.282347E+03  2.058899E+03  8.979160E+01  0.000000E+00  2.537911E+02  1.224431E+01
1.303253E+01  8.187005E+03  2.023636E+03  7.940804E+01  0.000000E+00  2.708575E+02  9.790032E+00
1.333610E+01  7.910643E+03  2.015487E+03  8.185257E+01  0.000000E+00  2.466207E+02  1.027586E+01
1.364674E+01  7.793251E+03  1.948140E+03  8.068193E+01  0.000000E+00  2.361591E+02  5.886664E+00
1.396461E+01  7.691993E+03  1.931204E+03  8.290609E+01  0.000000E+00  2.307835E+02  6.091060E+00
1.428989E+01  7.372391E+03  1.882615E+03  6.977547E+01  0.000000E+00  2.166016E+02  7.936547E+00
1.462274E+01  7.260805E+03  1.813585E+03  8.079051E+01  0.000000E+00  2.071469E+02  9.048537E+00
1.496335E+01  7.098055E+03  1.791567E+03  7.579343E+01  0.000000E+00  2.425390E+02  6.000313E+00
1.531189E+01  6.914263E+03  1.706345E+03  6.851305E+01  0.000000E+00  2.172666E+02  8.641286E+00
1.566855E+01  6.762606E+03  1.717267E+03  6.936624E+01  0.000000E+00  2.050828E+02  7.539809E+00
1.603352E+01  6.592165E+03  1.613632E+03  6.631364E+01  0.000000E+00  2.018882E+02  6.484000E+00
1.640699E+01  6.531107E+03  1.625000E+03  7.027651E+01  0.000000E+00  2.076613E+02  6.624425E+00
1.678915E+01  6.313201E+03  1.633045E+03  6.642512E+01  0.000000E+00  1.981495E+02  6.473634E+00
1.718022E+01  6.170045E+03  1.624753E+03  6.078727E+01  0.000000E+00  1.939141E+02  7.426499E+00
1.758040E+01  6.036318E+03  1.542611E+03  5.940358E+01  0.000000E+00  1.868122E+02  6.451067E+00
1.798990E+01  5.922818E+03  1.527986E+03  6.698237E+01  0.000000E+00  1.683753E+02  4.990843E+00
1.840894E+01  5.718433E+03  1.449823E+03  5.698667E+01  0.000000E+00  1.689064E+02  6.417418E+00
1.883774E+01  5.640945E+03  1.429615E+03  6.095742E+01  0.000000E+00  1.643091E+02  7.525608E+00
1.927653E+01  5.488027E+03  1.416194E+03  6.055044E+01  0.000000E+00  1.733164E+02  6.373730E+00
1.972553E+01  5.371010E+03  1.417017E+03  5.462044E+01  0.000000E+00  1.681735E+02  6.707773E+00
2.018500E+01  5.277312E+03  1.353859E+03  5.197246E+01  0.000000E+00  1.493623E+02  6.320975E+00
2.065517E+01  5.159702E+03  1.305883E+03  5.284846E+01  0.000000E+00  1.548849E+02  7.092217E+00
2.113629E+01  4.999104E+03  1.310588E+03  4.762116E+01  0.000000E+00  1.522536E+02  7.154352E+00
2.162862E+01  4.822605E+03  1.238588E+03  4.391535E+01  0.000000E+00  1.428888E+02  4.151203E+00
2.213241E+01  4.813606E+03  1.216372E+03  5.145616E+01  0.000000E+00  1.522334E+02  5.337776E+00
2.264794E+01  4.679206E+03  1.227285E+03  4.652916E+01  0.000000E+00  1.412567E+02  5.216273E+00
2.317548E+01  4.582278E+03  1.197717E+03  4.648953E+01  0.000000E+00  1.445661E+02  7.340453E+00
2.371531E+01  4.462231E+03  1.145746E+03  4.582982E+01  0.000000E+00  1.386850E+02  4.782242E+00
2.426771E+01  4.350532E+03  1.126870E+03  4.420244E+01  0.000000E+00  1.306601E+02  4.868110E+00
2.483298E+01  4.289751E+03  1.097413E+03  4.319626E+01  0.000000E+00  1.368199E+02  4.376714E+00
2.541141E+01  4.182434E+03  1.082289E+03  4.072532E+01  0.000000E+00  1.216181E+02  5.206890E+00
2.600332E+01  4.111763E+03  1.028395E+03  4.306939E+01  0.000000E+00  1.293899E+02  6.542185E+00
2.660901E+01  4.000409E+03  1.039261E+03  3.835960E+01  0.000000E+00  1.252015E+02  4.617359E+00
2.722882E+01  3.904142E+03  1.027059E+03  3.696579E+01  0.000000E+00  1.183599E+02  4.338707E+00
2.786306E+01  3.803232E+03  9.721349E+02  4.070348E+01  0.000000E+00  1.185489E+02  3.731153E+00
2.851207E+01  3.721632E+03  9.611108E+02  3.646221E+01  0.000000E+00  1.082265E+02  5.635069E+00
2.917620E+01  3.635945E+03  9.384234E+02  3.822367E+01  0.000000E+00  1.057629E+02  3.887153E+00
2.985580E+01  3.561728E+03  9.358974E+02  3.893637E+01  0.000000E+00  1.043052E+02  3.482114E+00
3.055124E+01  3.449873E+03  8.955687E+02  3.681267E+01  0.000000E+00  1.056431E+02  3.712202E+00
3.126287E+01  3.370891E+03  8.593119E+02  3.597471E+01  0.000000E+00  1.071684E+02  4.383473E+00
3.199107E+01  3.283081E+03  8.591020E+02  3.397412E+01  0.000000E+00  9.571838E+01  3.397412E+00
3.273624E+01  3.213690E+03  8.404126E+02  3.233466E+01  0.000000E+00  9.657094E+01  3.320077E+00
3.349876E+01  3.129676E+03  8.146524E+02  2.849520E+01  0.000000E+00  9.253887E+01  4.231960E+00
3.427905E+01  3.059814E+03  8.001064E+02  3.432572E+01  0.000000E+00  9.553303E+01  2.343523E+00
3.507751E+01  3.014817E+03  7.827021E+02  3.300551E+01  0.000000E+00  9.025996E+01  3.772058E+00
3.589457E+01  2.991348E+03  7.646223E+02  3.041111E+01  0.000000E+00  8.241280E+01  3.686196E+00
3.673066E+01  2.859444E+03  7.587961E+02  3.100540E+01  0.000000E+00  8.658355E+01  3.216328E+00
3.758623E+01  2.816483E+03  7.289514E+02  2.916811E+01  0.000000E+00  8.322970E+01  3.268840E+00
3.846173E+01  2.744140E+03  7.140785E+02  2.973279E+01  0.000000E+00  8.133516E+01  2.457256E+00
3.935762E+01  2.712653E+03  7.023866E+02  2.773526E+01  0.000000E+00  7.528143E+01  2.401322E+00
4.027437E+01  2.605146E+03  6.880410E+02  2.487461E+01  0.000000E+00  7.720514E+01  2.111995E+00
4.121248E+01  2.596985E+03  6.712326E+02  2.430839E+01  0.000000E+00  7.797031E+01  2.178582E+00
4.217245E+01  2.524424E+03  6.547209E+02  2.946973E+01  0.000000E+00  7.686780E+01  2.689252E+00
4.315477E+01  2.467180E+03  6.299625E+02  2.551387E+01  0.000000E+00  7.227104E+01  2.518536E+00
4.415997E+01  2.376028E+03  6.281429E+02  2.429104E+01  0.000000E+00  6.613157E+01  3.424288E+00
4.518859E+01  2.320479E+03  6.135309E+02  2.562043E+01  0.000000E+00  6.588111E+01  3.764635E+00
4.624117E+01  2.291469E+03  5.863823E+02  2.401531E+01  0.000000E+00  6.816260E+01  2.554820E+00
4.731826E+01  2.227026E+03  5.715366E+02  2.266972E+01  0.000000E+00  6.511303E+01  1.398133E+00
4.842045E+01  2.183652E+03  5.717996E+02  2.147054E+01  0.000000E+00  6.245976E+01  2.147054E+00
4.954830E+01  2.135186E+03  5.572579E+02  2.489206E+01  0.000000E+00  5.903519E+01  2.193553E+00
5.070243E+01  2.049116E+03  5.504448E+02  1.891979E+01  0.000000E+00  5.927580E+01  2.516426E+00
5.188344E+01  2.030434E+03  5.249819E+02  1.848913E+01  0.000000E+00  5.819976E+01  2.094827E+00
5.309196E+01  1.986797E+03  5.264718E+02  2.234056E+01  0.000000E+00  5.616292E+01  1.958137E+00
5.432863E+01  1.926611E+03  5.055288E+02  1.974450E+01  0.000000E+00  5.566732E+01  1.826584E+00
5.559411E+01  1.888961E+03  4.908766E+02  1.861506E+01  0.000000E+00  5.159517E+01  1.190004E+00
5.688906E+01  1.845548E+03  4.686552E+02  1.976957E+01  0.000000E+00  5.498932E+01  2.325832E+00
5.821418E+01  1.805162E+03  4.622084E+02  1.793959E+01  0.000000E+00  4.862361E+01  1.948191E+00
5.957016E+01  1.754790E+03  4.627930E+02  1.729326E+01  0.000000E+00  5.037256E+01  2.062499E+00
6.095773E+01  1.718567E+03  4.440413E+02  1.775235E+01  0.000000E+00  4.845073E+01  1.395381E+00
6.237762E+01  1.678690E+03  4.381760E+02  1.583312E+01  0.000000E+00  4.651454E+01  1.060592E+00
6.383058E+01  1.639294E+03  4.267213E+02  1.673127E+01  0.000000E+00  4.330881E+01  2.369029E+00
6.531738E+01  1.620283E+03  4.053601E+02  1.642276E+01  0.000000E+00  4.789369E+01  1.663980E+00
6.683882E+01  1.578027E+03  3.989609E+02  1.534193E+01  0.000000E+00  4.220799E+01  1.484703E+00
6.839570E+01  1.521449E+03  3.938177E+02  1.741089E+01  0.000000E+00  4.173085E+01  1.312726E+00
6.998884E+01  1.490530E+03  3.921452E+02  1.363866E+01  0.000000E+00  3.605468E+01  1.417881E+00
7.161909E+01  1.469996E+03  3.710124E+02  1.339419E+01  0.000000E+00  3.833509E+01  1.649530E+00
7.328731E+01  1.442853E+03  3.650818E+02  1.263794E+01  0.000000E+00  3.765591E+01  1.096148E+00
7.499439E+01  1.391737E+03  3.543141E+02  1.455567E+01  0.000000E+00  3.585359E+01  1.512278E+00
7.674123E+01  1.365168E+03  3.502514E+02  1.034498E+01  0.000000E+00  3.368276E+01  1.416277E+00
7.852877E+01  1.331987E+03  3.438433E+02  1.131301E+01  0.000000E+00  3.393903E+01  1.203512E+00
8.035794E+01  1.318779E+03  3.249610E+02  1.211400E+01  0.000000E+00  3.293126E+01  1.117311E+00
8.222971E+01  1.273819E+03  3.213568E+02  1.143598E+01  0.000000E+00  3.120471E+01  1.206812E+00
8.414509E+01  1.244037E+03  3.189277E+02  1.151262E+01  0.000000E+00  3.055056E+01  7.300686E-01
8.610508E+01  1.212371E+03  3.048628E+02  1.108592E+01  0.000000E+00  3.106253E+01  1.207377E+00
8.811073E+01  1.167720E+03  3.021065E+02  1.153078E+01  0.000000E+00  2.885377E+01  9.653679E-01
9.016309E+01  1.149682E+03  2.919279E+02  1.037733E+01  0.000000E+00  2.866868E+01  9.958042E-01
9.226326E+01  1.127968E+03  2.858974E+02  1.055085E+01  0.000000E+00  2.704296E+01  1.126790E+00
9.441234E+01  1.106897E+03  2.853958E+02  1.021058E+01  0.000000E+00  2.657754E+01  9.509856E-01
9.661149E+01  1.074511E+03  2.727853E+02  9.048822E+00  0.000000E+00  2.778233E+01  8.804260E-01
9.886186E+01  1.057700E+03  2.643772E+02  9.081842E+00  0.000000E+00  2.542916E+01  8.125859E-01
1.011646E+02  1.027365E+03  2.621896E+02  9.669203E+00  0.000000E+00  2.330885E+01  1.074356E+00
1.035211E+02  1.003568E+03  2.493286E+02  9.175218E+00  0.000000E+00  2.113496E+01  8.216613E-01
1.059324E+02  9.816608E+02  2.436978E+02  7.806536E+00  0.000000E+00  2.123378E+01  6.691317E-01
1.083999E+02  9.680777E+02  2.402866E+02  7.105718E+00  0.000000E+00  2.253777E+01  6.974938E-01
1.109248E+02  9.397792E+02  2.337946E+02  8.222003E+00  0.000000E+00  2.104492E+01  5.112126E-01
1.135086E+02  9.098945E+02  2.257667E+02  7.743428E+00  0.000000E+00  2.131524E+01  7.909954E-01
1.161526E+02  8.895082E+02  2.230280E+02  7.607850E+00  0.000000E+00  1.891792E+01  3.254695E-01
1.188581E+02  8.776096E+02  2.162019E+02  7.196129E+00  0.000000E+00  1.749335E+01  5.168490E-01
1.216267E+02  8.538641E+02  2.088328E+02  7.265440E+00  0.000000E+00  1.930975E+01  6.216420E-01
1.244597E+02  8.261127E+02  2.049145E+02  7.517709E+00  0.000000E+00  1.875631E+01  4.935870E-01
1.273587E+02  8.130221E+02  1.995080E+02  6.715818E+00  0.000000E+00  1.688230E+01  4.081436E-01
1.303253E+02  7.869735E+02  1.896728E+02  7.469432E+00  0.000000E+00  1.555527E+01  6.164094E-01
1.333610E+02  7.772451E+02  1.886861E+02  5.952914E+00  0.000000E+00  1.665399E+01  2.126041E-01
1.364674E+02  7.576137E+02  1.832138E+02  6.129056E+00  0.000000E+00  1.589399E+01  6.232939E-01
1.396461E+02  7.370520E+02  1.781297E+02  5.245079E+00  0.000000E+00  1.333265E+01  4.737491E-01
1.428989E+02  7.206054E+02  1.694783E+02  5.687859E+00  0.000000E+00  1.302916E+01  4.960342E-01
1.462274E+02  7.106333E+02  1.647157E+02  5.041328E+00  0.000000E+00  1.386365E+01  4.847431E-01
1.496335E+02  6.993839E+02  1.626401E+02  5.052896E+00  0.000000E+00  1.288488E+01  4.737090E-01
1.531189E+02  6.743598E+02  1.590922E+02  4.598399E+00  0.000000E+00  1.203608E+01  2.777556E-01
1.566855E+02  6.556316E+02  1.498914E+02  4.765159E+00  0.000000E+00  1.266688E+01  4.523885E-01
1.603352E+02  6.494021E+02  1.477468E+02  4.361964E+00  0.000000E+00  1.246696E+01  2.357818E-01
1.640699E+02  6.253745E+02  1.452477E+02  4.349079E+00  0.000000E+00  1.065668E+01  4.032259E-01
1.678915E+02  6.098445E+02  1.393239E+02  4.137497E+00  0.000000E+00  1.007635E+01  3.940473E-01
1.718022E+02  6.011063E+02  1.350523E+02  3.685744E+00  0.000000E+00  1.001202E+01  3.575722E-01
1.758040E+02  5.879879E+02  1.335102E+02  4.005038E+00  0.000000E+00  9.730360E+00  4.031917E-01
1.798990E+02  5.724497E+02  1.294730E+02  3.441055E+00  0.000000E+00  8.668307E+00  2.364084E-01
1.840894E+02  5.542853E+02  1.244209E+02  3.234379E+00  0.000000E+00  8.419653E+00  2.310271E-01
1.883774E+02  5.411916E+02  1.196572E+02  3.361438E+00  0.000000E+00  8.052401E+00  2.759390E-01
1.927653E+02  5.357120E+02  1.180366E+02  3.505552E+00  0.000000E+00  8.114249E+00  1.961148E-01
1.972553E+02  5.159236E+02  1.140801E+02  3.186192E+00  0.000000E+00  7.426463E+00  1.197817E-01
2.018500E+02  5.022366E+02  1.094465E+02  3.277543E+00  0.000000E+00  7.070128E+00  1.872882E-01
2.065517E+02  4.989032E+02  1.074128E+02  3.294449E+00  0.000000E+00  6.932070E+00  1.372687E-01
2.113629E+02  4.832318E+02  1.033133E+02  2.325164E+00  0.000000E+00  6.192986E+00  2.682882E-01
2.162862E+02  4.691296E+02  1.009616E+02  2.512570E+00  0.000000E+00  5.418412E+00  1.747875E-01
2.213241E+02  4.596039E+02  9.821508E+01  2.071057E+00  0.000000E+00  5.636691E+00  1.921599E-01
2.264794E+02  4.488499E+02  9.399725E+01  2.065644E+00  0.000000E+00  4.819837E+00  2.086509E-01
2.317548E+02  4.343305E+02  8.987976E+01  2.426427E+00  0.000000E+00  4.567393E+00  1.019507E-01
2.371531E+02  4.284690E+02  8.637925E+01  1.873045E+00  0.000000E+00  4.523204E+00  2.391121E-01
2.426771E+02  4.161844E+02  8.552295E+01  2.297748E+00  0.000000E+00  3.855543E+00  1.168346E-01
2.483298E+02  4.066919E+02  8.302436E+01  2.207386E+00  0.000000E+00  3.539430E+00  5.708757E-02
2.541141E+02  3.968766E+02  7.880999E+01  1.692239E+00  0.000000E+00  3.812187E+00  9.298017E-02
2.600332E+02  3.877335E+02  7.776114E+01  1.526510E+00  0.000000E+00  3.016674E+00  1.090364E-01
2.660901E+02  3.792806E+02  7.309635E+01  1.474003E+00  0.000000E+00  2.859211E+00  8.879537E-02
2.722882E+02  3.702826E+02  7.108538E+01  1.596644E+00  0.000000E+00  2.915611E+00  3.470966E-02
2.786306E+02  3.622780E+02  6.906024E+01  1.322863E+00  0.000000E+00  2.340450E+00  1.526381E-01
2.851207E+02  3.494572E+02  6.614577E+01  1.226456E+00  0.000000E+00  2.386618E+00  1.657373E-02
2.917620E+02  3.428792E+02  6.472109E+01  1.360503E+00  0.000000E+00  2.559042E+00  6.478588E-02
2.985580E+02  3.335232E+02  6.183918E+01  1.250396E+00  0.000000E+00  1.788541E+00  4.748338E-02
3.055124E+02  3.258540E+02  5.832797E+01  1.206466E+00  0.000000E+00  1.840633E+00  1.546751E-02
3.126287E+02  3.154438E+02  5.742350E+01  9.522717E-01  0.000000E+00  1.632466E+00  4.534627E-02
3.199107E+02  3.127244E+02  5.400407E+01  1.122623E+00  0.000000E+00  1.299879E+00  0.000000E+00
3.273624E+02  3.006979E+02  5.221182E+01  7.650613E-01  0.000000E+00  1.255855E+00  7.217559E-02
3.349876E+02  2.951933E+02  5.201079E+01  7.758594E-01  0.000000E+00  1.072097E+00  4.231960E-02
3.427905E+02  2.887634E+02  4.937941E+01  4.962755E-01  0.000000E+00  1.116620E+00  2.757086E-02
3.507751E+02  2.817323E+02  4.581703E+01  5.792803E-01  0.000000E+00  1.010373E+00  4.041491E-02
3.589457E+02  2.733051E+02  4.357610E+01  6.977442E-01  0.000000E+00  7.372391E-01  0.000000E+00
3.673066E+02  2.668009E+02  4.250699E+01  7.075922E-01  0.000000E+00  5.403431E-01  2.573062E-02
3.758623E+02  2.598476E+02  4.155199E+01  5.531883E-01  0.000000E+00  6.663405E-01  1.257246E-02
3.846173E+02  2.552351E+02  3.954953E+01  5.037374E-01  0.000000E+00  5.774551E-01  0.000000E+00
3.935762E+02  2.489330E+02  3.648808E+01  4.082247E-01  0.000000E+00  5.643106E-01  3.601982E-02
4.027437E+02  2.407791E+02  3.661964E+01  3.989324E-01  0.000000E+00  4.341323E-01  0.000000E+00
4.121248E+02  2.337275E+02  3.435280E+01  2.981218E-01  0.000000E+00  3.210542E-01  2.293244E-02
4.217245E+02  2.280710E+02  3.312263E+01  2.465148E-01  0.000000E+00  3.921827E-01  0.000000E+00
4.315477E+02  2.240074E+02  3.067139E+01  1.971028E-01  0.000000E+00  2.409035E-01  0.000000E+00
4.415997E+02  2.177740E+02  2.969500E+01  2.354198E-01  0.000000E+00  1.712144E-01  0.000000E+00
4.518859E+02  2.092300E+02  2.869488E+01  2.405183E-01  0.000000E+00  2.405183E-01  1.045732E-02
4.624117E+02  2.082485E+02  2.569127E+01  1.226314E-01  0.000000E+00  1.839471E-01  0.000000E+00
4.731826E+02  1.987945E+02  2.474695E+01  1.797599E-01  0.000000E+00  1.997332E-01  0.000000E+00
4.842045E+02  1.944450E+02  2.432027E+01  1.561494E-01  0.000000E+00  1.171121E-01  0.000000E+00
4.954830E+02  1.889031E+02  2.213581E+01  1.525950E-01  0.000000E+00  1.049091E-01  0.000000E+00
5.070243E+02  1.841464E+02  2.051353E+01  1.118411E-01  0.000000E+00  8.388085E-02  0.000000E+00
5.188344E+02  1.798546E+02  1.957297E+01  4.553972E-02  0.000000E+00  4.553972E-02  0.000000E+00
5.309196E+02  1.753333E+02  1.802376E+01  9.790684E-02  0.000000E+00  6.230435E-02  0.000000E+00
5.432863E+02  1.709770E+02  1.689155E+01  6.958415E-02  0.000000E+00  6.088613E-02  8.698019E-03
5.559411E+02  1.639995E+02  1.666855E+01  9.350030E-02  0.000000E+00  1.700006E-02  0.000000E+00
5.688906E+02  1.586633E+02  1.521759E+01  4.153272E-02  0.000000E+00  3.322617E-02  0.000000E+00
5.821418E+02  1.581201E+02  1.375098E+01  5.682224E-02  0.000000E+00  2.435239E-02  0.000000E+00
5.957016E+02  1.513953E+02  1.273196E+01  4.759612E-02  0.000000E+00  7.932687E-03  0.000000E+00
6.095773E+02  1.499182E+02  1.232587E+01  3.100847E-02  0.000000E+00  7.752117E-03  0.000000E+00
6.237762E+02  1.456950E+02  1.074228E+01  3.787829E-02  0.000000E+00  1.515132E-02  0.000000E+00
6.383058E+02  1.410164E+02  9.801856E+00  2.961286E-02  0.000000E+00  2.220964E-02  0.000000E+00
6.531738E+02  1.357084E+02  9.209769E+00  2.170409E-02  0.000000E+00  1.446939E-02  0.000000E+00
6.683882E+02  1.329163E+02  9.035479E+00  1.414003E-02  0.000000E+00  1.414003E-02  0.000000E+00
6.839570E+02  1.296213E+02  8.104353E+00  6.909082E-03  0.000000E+00  6.909082E-03  0.000000E+00
6.998884E+02  1.260158E+02  6.859841E+00  6.751812E-03  0.000000E+00  0.000000E+00  0.000000E+00
7.161909E+02  1.231210E+02  5.905319E+00  6.598122E-03  0.000000E+00  6.598122E-03  0.000000E+00
7.328731E+02  1.175071E+02  5.622595E+00  0.000000E+00  0.000000E+00  6.447930E-03  0.000000E+00
7.499439E+02  1.143282E+02  5.053528E+00  0.000000E+00  0.000000E+00  0.000000E+00  0.000000E+00
7.674123E+02  1.113132E+02  4.488982E+00  1.231545E-02  0.000000E+00  0.000000E+00  0.000000E+00
7.852877E+02  1.066251E+02  4.242379E+00  0.000000E+00  0.000000E+00  0.000000E+00  0.000000E+00
8.035794E+02  1.054094E+02  3.704767E+00  5.880582E-03  0.000000E+00  0.000000E+00  0.000000E+00
8.222971E+02  1.019986E+02  3.350340E+00  0.000000E+00  0.000000E+00  0.000000E+00  0.000000E+00
8.414509E+02  9.849749E+01  3.055056E+00  5.615913E-03  0.000000E+00  0.000000E+00  0.000000E+00
8.610508E+02  9.579442E+01  2.760504E+00  0.000000E+00  0.000000E+00  0.000000E+00  0.000000E+00
8.811073E+02  9.313118E+01  2.391967E+00  0.000000E+00  0.000000E+00  0.000000E+00  0.000000E+00
9.016309E+02  9.022510E+01  2.017814E+00  5.241075E-03  0.000000E+00  0.000000E+00  0.000000E+00
9.226326E+02  8.669113E+01  1.807986E+00  0.000000E+00  0.000000E+00  0.000000E+00  0.000000E+00
9.441234E+02  8.407213E+01  1.721784E+00  0.000000E+00  0.000000E+00  0.000000E+00  0.000000E+00
9.661149E+02  8.230026E+01  1.462485E+00  0.000000E+00  0.000000E+00  0.000000E+00  0.000000E+00
9.886186E+02  7.836674E+01  1.161520E+00  0.000000E+00  0.000000E+00  0.000000E+00  0.000000E+00
