#dR/dEr [1/keV/kg/Myr]
# Er [keV] ,  H1 , O16 , Si28 , Si29 , Si30 , Mn55
1.011646E-03  6.706876E+07  2.213003E+06  8.852014E+04  0.000000E+00  0.000000E+00  4.721074E+05
1.035211E-03  6.519606E+07  2.047289E+06  1.730103E+05  0.000000E+00  0.000000E+00  5.767011E+05
1.059324E-03  6.376838E+07  2.085223E+06  1.690721E+05  0.000000E+00  0.000000E+00  3.945017E+05
1.083999E-03  6.454735E+07  2.092832E+06  2.202981E+05  0.000000E+00  0.000000E+00  4.130590E+05
1.109248E-03  6.375083E+07  2.583402E+06  2.421940E+05  0.000000E+00  2.691044E+04  6.458506E+05
1.135086E-03  6.208931E+07  1.867150E+06  1.577873E+05  0.000000E+00  5.259577E+04  5.785535E+05
1.161526E-03  5.890273E+07  2.312934E+06  7.709781E+04  2.569927E+04  0.000000E+00  4.111883E+05
1.188581E-03  5.803911E+07  2.210057E+06  3.013714E+05  2.511428E+04  0.000000E+00  4.269428E+05
1.216267E-03  5.745426E+07  2.184293E+06  2.699688E+05  0.000000E+00  0.000000E+00  3.926818E+05
1.244597E-03  5.672206E+07  2.014652E+06  1.678877E+05  0.000000E+00  0.000000E+00  4.317112E+05
1.273587E-03  5.261834E+07  2.132859E+06  2.343801E+05  0.000000E+00  2.343801E+04  3.281322E+05
1.303253E-03  5.215355E+07  1.946882E+06  1.832360E+05  0.000000E+00  0.000000E+00  3.206630E+05
1.333610E-03  5.125737E+07  1.992099E+06  2.014482E+05  2.238313E+04  2.238313E+04  4.476626E+05
1.364674E-03  4.934690E+07  2.231110E+06  2.624835E+05  2.187363E+04  0.000000E+00  3.499780E+05
1.396461E-03  4.886490E+07  1.838312E+06  1.496301E+05  0.000000E+00  0.000000E+00  4.702659E+05
1.428989E-03  4.965351E+07  2.088915E+06  1.462241E+05  2.088915E+04  0.000000E+00  2.506698E+05
1.462274E-03  4.876823E+07  2.041366E+06  1.837229E+05  2.041366E+04  0.000000E+00  3.266185E+05
1.496335E-03  4.717935E+07  2.194388E+06  1.994899E+05  0.000000E+00  1.994899E+04  2.992348E+05
1.531189E-03  4.390249E+07  1.891004E+06  2.534336E+05  0.000000E+00  1.949489E+04  3.509080E+05
1.566855E-03  4.330323E+07  2.228983E+06  1.333579E+05  1.905113E+04  0.000000E+00  1.905113E+05
1.603352E-03  4.313669E+07  2.792621E+06  1.489398E+05  1.861748E+04  0.000000E+00  4.095845E+05
1.640699E-03  4.204562E+07  2.110468E+06  1.819369E+05  0.000000E+00  1.819369E+04  4.366486E+05
1.678915E-03  4.035958E+07  2.329121E+06  1.244569E+05  0.000000E+00  0.000000E+00  2.666933E+05
1.718022E-03  4.008376E+07  1.945982E+06  8.687420E+04  0.000000E+00  0.000000E+00  3.127471E+05
1.758040E-03  3.956186E+07  1.969603E+06  2.207314E+05  1.697934E+04  1.697934E+04  2.546901E+05
1.798990E-03  3.668678E+07  1.941363E+06  9.955706E+04  0.000000E+00  0.000000E+00  3.318569E+05
1.840894E-03  3.821909E+07  2.302550E+06  1.459363E+05  0.000000E+00  1.621514E+04  2.594423E+05
1.883774E-03  3.673113E+07  2.012447E+06  1.109223E+05  0.000000E+00  0.000000E+00  3.010748E+05
1.927653E-03  3.612730E+07  2.121492E+06  1.238827E+05  0.000000E+00  1.548534E+04  2.942215E+05
1.972553E-03  3.420025E+07  1.952138E+06  1.361957E+05  0.000000E+00  1.513285E+04  2.875242E+05
2.018500E-03  3.448652E+07  2.321777E+06  1.478839E+05  1.478839E+04  2.957677E+04  2.218258E+05
2.065517E-03  3.244421E+07  2.124409E+06  1.156141E+05  0.000000E+00  0.000000E+00  2.456800E+05
2.113629E-03  3.268016E+07  2.372630E+06  1.694736E+05  0.000000E+00  1.412280E+04  2.683332E+05
2.162862E-03  3.131521E+07  1.766570E+06  1.104106E+05  0.000000E+00  2.760265E+04  2.760265E+05
2.213241E-03  3.153300E+07  1.847742E+06  9.441019E+04  0.000000E+00  0.000000E+00  2.023075E+05
2.264794E-03  2.978717E+07  1.937484E+06  1.581620E+05  0.000000E+00  1.318016E+04  1.845223E+05
2.317548E-03  2.943114E+07  1.919142E+06  1.416816E+05  0.000000E+00  0.000000E+00  2.447228E+05
2.371531E-03  2.952901E+07  1.799935E+06  1.258696E+05  2.517392E+04  0.000000E+00  2.643261E+05
2.426771E-03  2.789741E+07  1.722062E+06  8.610311E+04  2.460089E+04  1.230044E+04  1.599058E+05
2.483298E-03  2.803170E+07  1.911252E+06  1.202045E+05  1.202045E+04  0.000000E+00  2.283886E+05
2.541141E-03  2.626592E+07  1.844253E+06  3.524050E+04  1.174683E+04  0.000000E+00  1.527088E+05
2.600332E-03  2.681598E+07  1.790793E+06  9.183554E+04  0.000000E+00  0.000000E+00  3.443833E+05
2.660901E-03  2.549883E+07  1.693939E+06  1.346177E+05  0.000000E+00  0.000000E+00  2.916716E+05
2.722882E-03  2.443604E+07  1.819822E+06  1.644417E+05  1.096278E+04  0.000000E+00  1.973301E+05
2.786306E-03  2.549751E+07  1.553420E+06  8.570592E+04  2.142648E+04  0.000000E+00  2.142648E+05
2.851207E-03  2.466585E+07  1.716978E+06  8.375501E+04  1.046938E+04  1.046938E+04  1.361019E+05
2.917620E-03  2.419647E+07  1.821129E+06  1.023106E+05  1.023106E+04  0.000000E+00  1.534660E+05
2.985580E-03  2.266587E+07  1.609706E+06  1.199781E+05  9.998177E+03  0.000000E+00  1.899654E+05
3.055124E-03  2.299997E+07  1.700083E+06  9.770591E+04  9.770591E+03  0.000000E+00  1.465589E+05
3.126287E-03  2.191308E+07  1.518161E+06  6.683729E+04  9.548185E+03  0.000000E+00  2.291564E+05
3.199107E-03  2.141428E+07  1.474273E+06  9.330842E+04  9.330842E+03  0.000000E+00  1.492935E+05
3.273624E-03  2.082653E+07  1.486307E+06  9.118446E+04  0.000000E+00  2.735534E+04  1.185398E+05
3.349876E-03  1.953266E+07  1.755444E+06  8.019796E+04  8.910884E+03  8.910884E+03  1.158415E+05
3.427905E-03  2.015913E+07  1.515200E+06  4.354024E+04  0.000000E+00  8.708048E+03  1.828690E+05
3.507751E-03  1.980237E+07  1.438161E+06  1.191376E+05  8.509829E+03  0.000000E+00  1.106278E+05
3.589457E-03  1.910213E+07  1.330579E+06  7.484509E+04  8.316121E+03  0.000000E+00  1.247418E+05
3.673066E-03  1.849665E+07  1.300292E+06  9.752188E+04  8.126823E+03  8.126823E+03  1.137755E+05
3.758623E-03  1.906040E+07  1.215101E+06  7.941834E+04  0.000000E+00  0.000000E+00  1.270693E+05
3.846173E-03  1.780386E+07  1.187442E+06  6.984950E+04  0.000000E+00  7.761056E+03  1.319380E+05
3.935762E-03  1.745927E+07  1.350022E+06  1.061815E+05  2.275318E+04  0.000000E+00  8.342832E+04
4.027437E-03  1.718044E+07  1.111763E+06  6.670576E+04  7.411751E+03  0.000000E+00  1.704703E+05
4.121248E-03  1.632581E+07  1.158886E+06  7.967343E+04  0.000000E+00  0.000000E+00  1.231317E+05
4.217245E-03  1.665493E+07  1.047569E+06  5.662534E+04  7.078167E+03  7.078167E+03  1.911105E+05
4.315477E-03  1.625506E+07  1.072142E+06  3.458524E+04  0.000000E+00  6.917048E+03  1.521751E+05
4.415997E-03  1.481028E+07  1.101814E+06  4.731718E+04  0.000000E+00  0.000000E+00  1.689899E+05
4.518859E-03  1.537153E+07  1.202243E+06  5.284584E+04  6.605730E+03  6.605730E+03  1.189031E+05
4.624117E-03  1.512492E+07  1.129689E+06  5.809829E+04  0.000000E+00  1.936610E+04  1.355627E+05
4.731826E-03  1.440844E+07  1.078740E+06  6.939265E+04  1.261685E+04  6.308423E+03  1.387853E+05
4.842045E-03  1.443802E+07  1.004867E+06  7.397791E+04  6.164826E+03  0.000000E+00  1.356262E+05
4.954830E-03  1.318762E+07  8.615031E+05  9.639196E+04  0.000000E+00  6.024497E+03  1.566369E+05
5.070243E-03  1.368223E+07  1.012626E+06  5.887363E+04  5.887363E+03  0.000000E+00  1.236346E+05
5.188344E-03  1.349736E+07  9.032760E+05  5.178015E+04  5.753350E+03  0.000000E+00  9.780695E+04
5.309196E-03  1.252668E+07  8.995821E+05  6.746866E+04  0.000000E+00  5.622388E+03  1.236925E+05
5.432863E-03  1.329646E+07  9.340492E+05  3.296644E+04  0.000000E+00  5.494407E+03  1.318658E+05
5.559411E-03  1.251056E+07  8.322475E+05  3.758537E+04  1.073868E+04  0.000000E+00  1.127561E+05
5.688906E-03  1.219430E+07  8.185504E+05  2.623559E+04  5.247118E+03  5.247118E+03  7.870677E+04
5.821418E-03  1.170649E+07  9.127268E+05  4.102143E+04  1.025536E+04  5.127679E+03  7.691518E+04
5.957016E-03  1.146006E+07  9.019725E+05  3.507671E+04  1.503288E+04  0.000000E+00  6.013150E+04
6.095773E-03  1.112085E+07  8.079877E+05  4.896895E+04  0.000000E+00  0.000000E+00  9.304101E+04
6.237762E-03  1.104955E+07  6.986725E+05  3.828343E+04  4.785428E+03  0.000000E+00  1.004940E+05
6.383058E-03  1.071386E+07  7.529163E+05  3.741199E+04  0.000000E+00  0.000000E+00  7.482398E+04
6.531738E-03  1.065278E+07  7.540580E+05  2.285024E+04  0.000000E+00  0.000000E+00  1.051111E+05
6.683882E-03  9.999422E+06  7.860198E+05  4.912624E+04  4.466022E+03  0.000000E+00  1.161166E+05
6.839570E-03  9.815451E+06  6.546544E+05  4.364362E+04  0.000000E+00  0.000000E+00  7.419416E+04
6.998884E-03  9.438484E+06  6.951978E+05  4.691519E+04  8.530035E+03  0.000000E+00  9.383038E+04
7.161909E-03  9.711286E+06  6.543656E+05  2.500760E+04  0.000000E+00  0.000000E+00  9.586248E+04
7.328731E-03  9.408769E+06  7.250047E+05  2.851142E+04  0.000000E+00  0.000000E+00  7.738814E+04
7.499439E-03  9.039366E+06  6.806391E+05  4.378380E+04  0.000000E+00  0.000000E+00  1.074693E+05
7.674123E-03  8.825825E+06  6.418075E+05  2.722820E+04  0.000000E+00  3.889742E+03  6.223587E+04
7.852877E-03  8.647732E+06  6.500053E+05  3.421081E+04  7.602402E+03  0.000000E+00  6.081921E+04
8.035794E-03  8.499176E+06  6.463534E+05  2.228805E+04  7.429350E+03  0.000000E+00  5.943480E+04
8.222971E-03  8.516258E+06  6.134900E+05  2.541083E+04  0.000000E+00  3.630119E+03  7.260237E+04
8.414509E-03  8.201790E+06  6.101678E+05  7.094974E+04  3.547487E+03  3.547487E+03  5.321231E+04
8.610508E-03  8.091363E+06  5.026768E+05  3.813410E+04  6.933473E+03  0.000000E+00  1.248025E+05
8.811073E-03  7.957998E+06  5.285005E+05  1.693912E+04  0.000000E+00  0.000000E+00  7.114430E+04
9.016309E-03  7.611317E+06  5.429560E+05  3.310708E+04  0.000000E+00  0.000000E+00  6.621415E+04
9.226326E-03  7.506004E+06  5.888331E+05  3.235347E+04  9.706040E+03  0.000000E+00  5.823624E+04
9.441234E-03  7.581759E+06  5.691062E+05  3.477871E+04  3.161701E+03  0.000000E+00  6.955742E+04
9.661149E-03  6.751064E+06  4.696393E+05  2.162812E+04  0.000000E+00  0.000000E+00  6.179464E+04
9.886186E-03  6.709109E+06  5.495310E+05  3.019401E+04  0.000000E+00  3.019401E+03  5.736862E+04
1.011646E-02  6.848508E+06  4.868607E+05  2.655604E+04  2.950671E+03  2.950671E+03  8.556946E+04
1.035211E-02  6.764704E+06  4.469434E+05  4.036908E+04  2.883506E+03  0.000000E+00  4.901960E+04
1.059324E-02  6.314845E+06  5.269415E+05  3.381443E+04  0.000000E+00  0.000000E+00  4.790377E+04
1.083999E-02  6.105012E+06  4.433500E+05  4.405962E+04  2.753727E+03  0.000000E+00  3.855217E+04
1.109248E-02  6.240531E+06  4.520954E+05  2.960149E+04  2.691044E+03  0.000000E+00  4.843879E+04
1.135086E-02  6.219450E+06  5.049194E+05  1.577873E+04  5.259577E+03  7.889365E+03  6.837450E+04
1.161526E-02  5.820885E+06  4.266079E+05  2.826920E+04  0.000000E+00  0.000000E+00  6.681811E+04
1.188581E-02  5.700943E+06  3.993171E+05  2.009143E+04  0.000000E+00  2.511428E+03  5.274000E+04
1.216267E-02  5.598170E+06  4.123159E+05  2.699688E+04  2.454261E+03  4.908523E+03  5.399375E+04
1.244597E-02  5.257283E+06  3.789465E+05  3.117914E+04  0.000000E+00  0.000000E+00  7.195187E+04
1.273587E-02  5.128238E+06  4.054776E+05  2.109421E+04  2.343801E+03  0.000000E+00  4.453223E+04
1.303253E-02  5.442109E+06  4.351855E+05  2.061405E+04  2.290450E+03  0.000000E+00  6.871350E+04
1.333610E-02  5.143643E+06  3.558918E+05  2.909807E+04  2.238313E+03  0.000000E+00  5.595782E+04
1.364674E-02  4.886568E+06  3.784138E+05  2.624835E+04  0.000000E+00  0.000000E+00  3.718517E+04
1.396461E-02  4.880078E+06  3.612497E+05  1.496301E+04  2.137572E+03  2.137572E+03  5.771445E+04
1.428989E-02  4.787794E+06  3.384043E+05  2.088915E+04  2.088915E+03  0.000000E+00  5.848963E+04
1.462274E-02  4.658397E+06  3.409081E+05  2.041366E+04  2.041366E+03  0.000000E+00  4.899278E+04
1.496335E-02  4.494506E+06  3.151940E+05  2.792858E+04  1.994899E+03  1.994899E+03  4.388777E+04
1.531189E-02  4.343462E+06  3.372616E+05  1.559591E+04  3.898978E+03  1.949489E+03  3.314131E+04
1.566855E-02  4.284600E+06  3.410153E+05  2.095625E+04  0.000000E+00  1.905113E+03  3.238693E+04
1.603352E-02  4.164729E+06  3.276676E+05  2.047922E+04  0.000000E+00  0.000000E+00  4.840544E+04
1.640699E-02  4.149981E+06  3.220283E+05  2.365180E+04  3.638738E+03  1.819369E+03  4.184549E+04
1.678915E-02  3.968396E+06  3.075862E+05  1.422364E+04  3.555910E+03  0.000000E+00  3.378115E+04
1.718022E-02  3.971888E+06  2.936348E+05  1.563736E+04  1.737484E+03  0.000000E+00  4.169962E+04
1.758040E-02  3.871290E+06  3.039302E+05  2.377108E+04  1.697934E+03  0.000000E+00  3.395868E+04
1.798990E-02  3.791465E+06  2.853969E+05  2.820783E+04  0.000000E+00  0.000000E+00  2.820783E+04
1.840894E-02  3.807316E+06  3.080877E+05  1.297212E+04  0.000000E+00  1.621514E+03  2.918726E+04
1.883774E-02  3.619236E+06  2.883980E+05  1.426144E+04  3.169208E+03  0.000000E+00  4.595352E+04
1.927653E-02  3.512076E+06  2.477655E+05  1.548534E+04  1.548534E+03  0.000000E+00  4.181042E+04
1.972553E-02  3.403379E+06  2.723914E+05  1.361957E+04  1.513285E+03  0.000000E+00  3.631885E+04
2.018500E-02  3.314078E+06  2.425296E+05  2.514026E+04  0.000000E+00  0.000000E+00  3.401329E+04
2.065517E-02  3.270434E+06  2.601317E+05  1.878729E+04  0.000000E+00  1.445176E+03  2.745835E+04
2.113629E-02  3.191753E+06  2.231402E+05  1.835964E+04  1.412280E+03  0.000000E+00  4.095612E+04
2.162862E-02  3.237791E+06  2.429033E+05  1.518146E+04  5.520530E+03  0.000000E+00  3.864371E+04
2.213241E-02  3.112839E+06  2.360255E+05  1.618460E+04  1.348717E+03  1.348717E+03  3.641536E+04
2.264794E-02  3.097339E+06  2.135187E+05  1.713421E+04  2.636033E+03  0.000000E+00  3.295041E+04
2.317548E-02  2.941826E+06  2.150985E+05  1.416816E+04  2.576029E+03  0.000000E+00  4.508051E+04
2.371531E-02  2.864792E+06  2.089435E+05  1.510435E+04  3.776088E+03  1.258696E+03  4.279566E+04
2.426771E-02  2.854933E+06  2.115676E+05  7.380267E+03  1.230044E+03  2.460089E+03  2.460089E+04
2.483298E-02  2.679359E+06  2.139641E+05  1.322250E+04  1.202045E+03  1.202045E+03  3.125318E+04
2.541141E-02  2.674754E+06  1.938228E+05  1.057215E+04  1.174683E+03  1.174683E+03  4.698733E+04
2.600332E-02  2.519738E+06  2.123697E+05  1.377533E+04  0.000000E+00  0.000000E+00  3.788216E+04
2.660901E-02  2.508376E+06  1.963174E+05  1.233995E+04  2.243628E+03  1.121814E+03  4.038530E+04
2.722882E-02  2.457856E+06  1.830785E+05  1.644417E+04  2.192557E+03  1.096278E+03  2.850324E+04
2.786306E-02  2.384767E+06  1.864104E+05  8.570592E+03  0.000000E+00  0.000000E+00  3.642501E+04
2.851207E-02  2.353516E+06  1.737916E+05  7.328563E+03  1.046938E+03  1.046938E+03  2.722038E+04
2.917620E-02  2.278458E+06  1.964364E+05  1.330038E+04  0.000000E+00  0.000000E+00  2.762387E+04
2.985580E-02  2.255589E+06  1.679694E+05  1.199781E+04  9.998177E+02  0.000000E+00  4.399198E+04
3.055124E-02  2.222809E+06  1.709853E+05  9.770591E+03  2.931177E+03  9.770591E+02  2.735765E+04
3.126287E-02  2.192263E+06  1.900089E+05  8.593366E+03  0.000000E+00  0.000000E+00  2.482528E+04
3.199107E-02  2.077978E+06  1.642228E+05  6.531589E+03  2.799252E+03  9.330842E+02  3.172486E+04
3.273624E-02  2.083565E+06  1.568373E+05  1.185398E+04  9.118446E+02  9.118446E+02  2.553165E+04
3.349876E-02  2.050395E+06  1.381187E+05  1.425742E+04  8.910884E+02  0.000000E+00  3.831680E+04
3.427905E-02  1.992401E+06  1.567449E+05  8.708048E+03  0.000000E+00  1.741610E+03  2.525334E+04
3.507751E-02  1.894288E+06  1.744515E+05  9.360811E+03  8.509829E+02  8.509829E+02  1.957261E+04
3.589457E-02  1.813746E+06  1.455321E+05  9.979346E+03  0.000000E+00  8.316121E+02  2.744320E+04
3.673066E-02  1.851290E+06  1.340926E+05  7.314141E+03  8.126823E+02  0.000000E+00  2.275511E+04
3.758623E-02  1.831387E+06  1.429530E+05  7.147651E+03  2.382550E+03  7.941834E+02  2.779642E+04
3.846173E-02  1.738477E+06  1.365946E+05  1.164158E+04  0.000000E+00  0.000000E+00  2.793980E+04
3.935762E-02  1.764888E+06  1.259009E+05  1.668566E+04  1.516879E+03  0.000000E+00  2.047786E+04
4.027437E-02  1.699514E+06  1.452703E+05  1.408233E+04  1.482350E+03  7.411751E+02  2.223525E+04
4.121248E-02  1.675315E+06  1.455851E+05  1.014025E+04  1.448608E+03  7.243039E+02  2.679924E+04
4.217245E-02  1.648505E+06  1.259914E+05  8.493801E+03  7.078167E+02  0.000000E+00  2.265013E+04
4.315477E-02  1.549419E+06  1.286571E+05  1.245069E+04  0.000000E+00  6.917048E+02  1.175898E+04
4.415997E-02  1.559439E+06  1.338400E+05  9.463436E+03  6.759597E+02  0.000000E+00  2.433455E+04
4.518859E-02  1.503464E+06  1.063523E+05  1.122974E+04  1.981719E+03  0.000000E+00  2.444120E+04
4.624117E-02  1.420826E+06  1.161966E+05  6.455365E+03  0.000000E+00  1.291073E+03  2.388485E+04
4.731826E-02  1.454722E+06  1.040890E+05  6.939265E+03  0.000000E+00  1.892527E+03  1.577106E+04
4.842045E-02  1.412362E+06  1.035691E+05  8.630756E+03  1.232965E+03  1.232965E+03  2.404282E+04
4.954830E-02  1.356114E+06  1.216948E+05  6.626947E+03  6.024497E+02  0.000000E+00  2.289309E+04
5.070243E-02  1.338198E+06  1.136261E+05  8.242308E+03  5.887363E+02  0.000000E+00  2.001703E+04
5.188344E-02  1.295079E+06  1.179437E+05  6.904020E+03  0.000000E+00  0.000000E+00  2.531474E+04
5.309196E-02  1.279093E+06  1.107610E+05  8.995821E+03  1.124478E+03  5.622388E+02  1.349373E+04
5.432863E-02  1.247230E+06  8.791051E+04  7.692170E+03  1.098881E+03  0.000000E+00  1.593378E+04
5.559411E-02  1.202195E+06  9.718503E+04  4.832405E+03  5.369339E+02  5.369339E+02  1.718188E+04
5.688906E-02  1.183750E+06  9.392341E+04  8.395388E+03  5.247118E+02  5.247118E+02  1.888962E+04
5.821418E-02  1.173213E+06  8.819608E+04  6.665982E+03  0.000000E+00  5.127679E+02  2.204902E+04
5.957016E-02  1.158033E+06  9.821479E+04  8.518630E+03  5.010959E+02  0.000000E+00  2.004383E+04
6.095773E-02  1.137059E+06  1.008760E+05  8.814411E+03  0.000000E+00  0.000000E+00  1.567006E+04
6.237762E-02  1.097777E+06  8.565917E+04  6.221057E+03  0.000000E+00  4.785428E+02  1.579191E+04
6.383058E-02  1.096171E+06  8.838582E+04  7.482398E+03  1.402950E+03  4.676499E+02  1.496480E+04
6.531738E-02  1.047455E+06  8.683092E+04  7.312078E+03  4.570049E+02  0.000000E+00  1.919420E+04
6.683882E-02  1.057107E+06  8.842723E+04  6.252430E+03  4.466022E+02  0.000000E+00  2.143690E+04
6.839570E-02  1.002494E+06  8.903299E+04  5.237235E+03  4.364362E+02  0.000000E+00  1.658458E+04
6.998884E-02  9.685855E+05  8.274134E+04  6.824028E+03  1.279505E+03  0.000000E+00  1.236855E+04
7.161909E-02  9.548736E+05  8.085792E+04  3.334347E+03  0.000000E+00  0.000000E+00  1.417097E+04
7.328731E-02  9.058486E+05  7.861006E+04  4.073060E+03  0.000000E+00  0.000000E+00  1.995799E+04
7.499439E-02  8.880152E+05  7.721871E+04  6.766588E+03  0.000000E+00  3.980346E+02  1.950369E+04
7.674123E-02  8.771369E+05  7.623895E+04  4.667691E+03  3.889742E+02  7.779484E+02  1.322512E+04
7.852877E-02  8.537497E+05  7.564390E+04  2.280720E+03  3.801201E+02  3.801201E+02  1.748552E+04
8.035794E-02  8.432312E+05  7.652230E+04  5.943480E+03  3.714675E+02  0.000000E+00  1.411576E+04
8.222971E-02  7.928179E+05  7.514345E+04  9.075296E+03  7.260237E+02  0.000000E+00  1.089036E+04
8.414509E-02  7.942823E+05  6.491901E+04  5.321231E+03  0.000000E+00  0.000000E+00  1.312570E+04
8.610508E-02  7.751622E+05  7.141477E+04  4.853431E+03  6.933473E+02  0.000000E+00  1.594699E+04
8.811073E-02  7.703911E+05  6.436865E+04  5.081736E+03  3.387824E+02  0.000000E+00  1.456764E+04
9.016309E-02  7.445781E+05  6.820057E+04  4.634991E+03  0.000000E+00  3.310708E+02  1.092533E+04
9.226326E-02  7.531887E+05  6.147159E+04  7.117763E+03  3.235347E+02  3.235347E+02  1.100018E+04
9.441234E-02  7.256104E+05  6.544721E+04  5.374892E+03  3.161701E+02  9.485103E+02  1.833787E+04
9.661149E-02  7.248511E+05  6.457540E+04  5.870491E+03  3.089732E+02  3.089732E+02  1.204995E+04
9.886186E-02  6.950661E+05  5.555698E+04  4.529102E+03  0.000000E+00  0.000000E+00  1.358731E+04
1.011646E-01  6.745234E+05  5.783315E+04  4.130940E+03  0.000000E+00  0.000000E+00  1.268789E+04
1.035211E-01  6.441752E+05  6.343713E+04  4.901960E+03  0.000000E+00  0.000000E+00  1.297578E+04
1.059324E-01  6.413470E+05  5.720274E+04  4.790377E+03  2.817869E+02  2.817869E+02  1.380756E+04
1.083999E-01  6.171101E+05  5.782826E+04  5.507453E+03  2.753727E+02  0.000000E+00  9.362670E+03
1.109248E-01  6.054849E+05  5.920297E+04  2.960149E+03  0.000000E+00  0.000000E+00  1.210970E+04
1.135086E-01  5.717160E+05  5.838130E+04  3.418725E+03  5.259577E+02  0.000000E+00  1.656767E+04
1.161526E-01  5.823455E+05  5.602441E+04  3.854891E+03  2.569927E+02  0.000000E+00  1.233565E+04
1.188581E-01  5.793865E+05  4.922400E+04  4.018286E+03  5.022857E+02  5.022857E+02  1.079914E+04
1.216267E-01  5.448460E+05  4.883980E+04  1.963409E+03  4.908523E+02  0.000000E+00  1.300759E+04
1.244597E-01  5.434764E+05  5.132567E+04  4.556952E+03  2.398396E+02  0.000000E+00  1.295134E+04
1.273587E-01  5.264178E+05  4.664165E+04  5.156363E+03  2.343801E+02  0.000000E+00  9.843966E+03
1.303253E-01  5.279487E+05  4.695422E+04  3.206630E+03  2.290450E+02  0.000000E+00  1.145225E+04
1.333610E-01  5.112307E+05  4.789990E+04  4.252795E+03  2.238313E+02  4.476626E+02  9.400915E+03
1.364674E-01  4.897505E+05  4.527841E+04  3.499780E+03  2.187363E+02  2.187363E+02  1.159302E+04
1.396461E-01  4.747548E+05  4.275145E+04  2.778844E+03  4.275145E+02  2.137572E+02  1.004659E+04
1.428989E-01  4.821216E+05  4.261387E+04  3.760047E+03  6.266746E+02  0.000000E+00  1.065347E+04
1.462274E-01  4.558370E+05  3.899008E+04  3.470322E+03  8.165463E+02  0.000000E+00  9.594419E+03
1.496335E-01  4.432665E+05  4.388777E+04  4.189287E+03  1.994899E+02  1.994899E+02  8.179084E+03
1.531189E-01  4.364906E+05  4.230391E+04  4.678774E+03  7.797956E+02  0.000000E+00  9.747446E+03
1.566855E-01  4.463681E+05  4.210300E+04  3.429204E+03  5.715340E+02  3.810227E+02  9.144544E+03
1.603352E-01  4.289467E+05  4.747457E+04  2.978796E+03  1.861748E+02  1.861748E+02  9.308738E+03
1.640699E-01  4.100858E+05  4.020806E+04  2.729054E+03  5.458107E+02  0.000000E+00  9.278782E+03
1.678915E-01  3.950616E+05  3.964840E+04  3.200319E+03  1.777955E+02  0.000000E+00  7.289616E+03
1.718022E-01  3.918026E+05  3.978838E+04  2.258729E+03  0.000000E+00  0.000000E+00  6.776188E+03
1.758040E-01  3.891665E+05  3.837331E+04  3.056281E+03  0.000000E+00  0.000000E+00  7.980290E+03
1.798990E-01  3.580736E+05  3.998875E+04  3.982282E+03  4.977853E+02  0.000000E+00  9.126064E+03
1.840894E-01  3.818666E+05  3.551117E+04  2.918726E+03  0.000000E+00  0.000000E+00  7.621118E+03
1.883774E-01  3.519406E+05  3.644590E+04  2.693827E+03  4.753813E+02  0.000000E+00  7.289180E+03
1.927653E-01  3.451683E+05  3.608085E+04  2.322801E+03  3.097068E+02  0.000000E+00  8.981499E+03
1.972553E-01  3.453317E+05  3.268696E+04  2.572585E+03  0.000000E+00  1.513285E+02  9.231040E+03
2.018500E-01  3.365837E+05  3.460483E+04  2.366142E+03  1.478839E+02  1.478839E+02  6.950542E+03
2.065517E-01  3.299337E+05  3.107129E+04  2.167764E+03  1.445176E+02  4.335529E+02  7.803952E+03
2.113629E-01  3.235534E+05  3.601314E+04  3.248244E+03  0.000000E+00  0.000000E+00  7.767540E+03
2.162862E-01  3.188106E+05  3.602146E+04  2.484239E+03  1.380133E+02  1.380133E+02  6.762650E+03
2.213241E-01  3.170834E+05  2.940203E+04  2.427690E+03  5.394868E+02  0.000000E+00  7.013328E+03
2.264794E-01  2.982671E+05  3.005077E+04  3.163239E+03  6.590082E+02  0.000000E+00  5.931074E+03
2.317548E-01  3.042291E+05  3.013954E+04  3.091235E+03  1.288015E+02  0.000000E+00  8.243294E+03
2.371531E-01  2.821996E+05  3.322957E+04  3.398479E+03  0.000000E+00  0.000000E+00  8.307393E+03
2.426771E-01  2.840173E+05  3.099712E+04  2.460089E+03  1.230044E+02  0.000000E+00  8.118294E+03
2.483298E-01  2.703400E+05  3.041174E+04  2.884909E+03  2.404090E+02  0.000000E+00  7.933499E+03
2.541141E-01  2.686501E+05  2.631291E+04  3.054177E+03  0.000000E+00  0.000000E+00  5.990885E+03
2.600332E-01  2.657491E+05  3.053532E+04  2.984655E+03  2.295889E+02  0.000000E+00  7.576432E+03
2.660901E-01  2.493792E+05  2.524081E+04  2.243628E+03  1.121814E+02  1.121814E+02  5.609069E+03
2.722882E-01  2.423871E+05  3.014765E+04  2.631068E+03  1.096278E+02  4.385113E+02  5.042880E+03
2.786306E-01  2.440476E+05  2.560464E+04  2.142648E+03  2.142648E+02  1.071324E+02  5.678017E+03
2.851207E-01  2.372361E+05  2.732507E+04  2.617344E+03  1.046938E+02  1.046938E+02  5.862851E+03
2.917620E-01  2.324498E+05  2.782849E+04  2.660077E+03  3.069319E+02  2.046213E+02  7.161745E+03
2.985580E-01  2.242591E+05  2.669513E+04  2.499544E+03  1.999635E+02  9.998177E+01  5.998906E+03
3.055124E-01  2.208153E+05  2.569665E+04  2.833471E+03  1.954118E+02  0.000000E+00  6.253178E+03
3.126287E-01  2.137839E+05  2.625751E+04  1.814155E+03  0.000000E+00  0.000000E+00  6.206320E+03
3.199107E-01  2.141428E+05  2.705944E+04  3.172486E+03  9.330842E+01  0.000000E+00  5.598505E+03
3.273624E-01  2.072623E+05  2.434625E+04  3.556194E+03  9.118446E+01  0.000000E+00  5.015145E+03
3.349876E-01  2.111880E+05  2.156434E+04  2.138612E+03  1.782177E+02  8.910884E+01  6.059401E+03
3.427905E-01  2.005463E+05  2.473086E+04  1.567449E+03  1.741610E+02  0.000000E+00  6.269795E+03
3.507751E-01  1.986194E+05  2.280634E+04  2.297654E+03  2.552949E+02  8.509829E+01  6.382371E+03
3.589457E-01  1.891086E+05  2.478204E+04  1.912708E+03  2.494836E+02  8.316121E+01  5.571801E+03
3.673066E-01  1.874045E+05  2.064213E+04  1.544096E+03  8.126823E+01  1.625365E+02  5.688776E+03
3.758623E-01  1.790884E+05  1.906040E+04  1.588367E+03  2.382550E+02  3.176734E+02  5.956376E+03
3.846173E-01  1.807550E+05  1.948025E+04  1.707432E+03  7.761056E+01  2.328317E+02  5.044686E+03
3.935762E-01  1.753512E+05  2.146383E+04  2.351162E+03  7.584393E+01  1.516879E+02  4.702323E+03
4.027437E-01  1.732126E+05  2.164231E+04  2.445878E+03  2.964700E+02  7.411751E+01  4.891756E+03
4.121248E-01  1.648516E+05  2.035294E+04  1.158886E+03  1.448608E+02  7.243039E+01  5.142558E+03
4.217245E-01  1.556489E+05  2.052668E+04  1.486415E+03  7.078167E+01  1.415633E+02  4.813154E+03
4.315477E-01  1.581929E+05  2.102783E+04  1.383410E+03  2.075115E+02  6.917048E+01  3.596865E+03
4.415997E-01  1.522261E+05  1.831851E+04  1.689899E+03  0.000000E+00  2.027879E+02  4.326142E+03
4.518859E-01  1.450618E+05  1.770336E+04  1.651432E+03  2.642292E+02  6.605730E+01  4.425839E+03
4.624117E-01  1.476342E+05  1.962431E+04  1.936610E+03  0.000000E+00  1.291073E+02  4.518756E+03
4.731826E-01  1.399839E+05  1.905144E+04  1.766358E+03  1.261685E+02  1.261685E+02  4.415896E+03
4.842045E-01  1.408663E+05  1.732316E+04  1.417910E+03  1.849448E+02  1.232965E+02  4.068785E+03
4.954830E-01  1.347680E+05  1.837472E+04  1.686859E+03  1.807349E+02  0.000000E+00  4.458128E+03
5.070243E-01  1.347617E+05  1.772096E+04  1.589588E+03  1.766209E+02  5.887363E+01  4.003407E+03
5.188344E-01  1.293928E+05  1.593678E+04  1.438338E+03  1.726005E+02  1.150670E+02  3.969812E+03
5.309196E-01  1.288651E+05  1.731696E+04  1.236925E+03  1.124478E+02  1.124478E+02  3.935672E+03
5.432863E-01  1.291186E+05  1.736233E+04  9.889932E+02  5.494407E+01  5.494407E+01  4.615302E+03
5.559411E-01  1.249982E+05  1.718188E+04  2.094042E+03  5.369339E+01  5.369339E+01  4.349164E+03
5.688906E-01  1.197392E+05  1.610865E+04  1.364251E+03  0.000000E+00  1.049424E+02  4.407579E+03
5.821418E-01  1.153215E+05  1.707517E+04  1.538304E+03  1.538304E+02  5.127679E+01  3.538098E+03
5.957016E-01  1.120951E+05  1.688693E+04  1.653616E+03  1.002192E+02  1.002192E+02  3.958657E+03
6.095773E-01  1.146363E+05  1.493553E+04  1.958758E+03  1.469069E+02  0.000000E+00  4.113392E+03
6.237762E-01  1.098734E+05  1.493054E+04  1.292066E+03  4.785428E+01  4.785428E+01  4.115468E+03
6.383058E-01  1.074192E+05  1.412303E+04  1.215890E+03  1.402950E+02  9.352997E+01  3.647669E+03
6.531738E-01  1.046084E+05  1.590377E+04  1.005411E+03  1.371015E+02  9.140097E+01  3.793140E+03
6.683882E-01  1.035670E+05  1.393399E+04  1.116505E+03  8.932043E+01  0.000000E+00  3.885439E+03
6.839570E-01  9.710707E+04  1.322402E+04  9.165161E+02  4.364362E+01  8.728725E+01  3.666064E+03
6.998884E-01  9.882045E+04  1.296565E+04  1.151555E+03  8.530035E+01  0.000000E+00  3.369364E+03
7.161909E-01  9.557072E+04  1.267052E+04  1.583815E+03  8.335868E+01  8.335868E+01  3.501064E+03
7.328731E-01  9.331381E+04  1.384840E+04  1.425571E+03  4.073060E+01  0.000000E+00  3.217717E+03
7.499439E-01  8.828407E+04  1.333416E+04  9.950865E+02  7.960692E+01  3.980346E+01  3.184277E+03
7.674123E-01  9.082548E+04  1.314733E+04  1.400307E+03  1.555897E+02  3.889742E+01  3.306281E+03
7.852877E-01  8.700949E+04  1.326619E+04  6.081921E+02  7.602402E+01  3.801201E+01  3.687165E+03
8.035794E-01  8.673766E+04  1.262989E+04  1.114402E+03  3.714675E+01  3.714675E+01  3.083180E+03
8.222971E-01  8.084274E+04  1.299582E+04  8.349273E+02  0.000000E+00  0.000000E+00  2.795191E+03
8.414509E-01  8.315310E+04  1.270000E+04  1.064246E+03  7.094974E+01  0.000000E+00  2.589666E+03
8.610508E-01  7.814024E+04  1.164823E+04  8.320167E+02  3.466736E+01  6.933473E+01  2.392048E+03
8.811073E-01  7.338026E+04  1.277210E+04  9.824689E+02  0.000000E+00  0.000000E+00  2.879650E+03
9.016309E-01  7.555035E+04  1.122330E+04  9.932123E+02  6.621415E+01  3.310708E+01  2.516138E+03
9.226326E-01  7.321589E+04  1.074135E+04  8.735436E+02  9.706040E+01  3.235347E+01  3.008872E+03
9.441234E-01  7.104342E+04  1.157183E+04  1.264680E+03  3.161701E+01  3.161701E+01  2.908765E+03
9.661149E-01  7.226883E+04  1.093765E+04  1.081406E+03  3.089732E+01  6.179464E+01  2.688067E+03
9.886186E-01  6.914429E+04  1.090004E+04  7.850443E+02  9.058203E+01  9.058203E+01  2.173969E+03
1.011646E+00  6.650813E+04  1.091748E+04  8.852014E+02  5.901342E+01  0.000000E+00  2.331030E+03
1.035211E+00  6.479237E+04  1.055363E+04  9.803919E+02  8.650517E+01  2.883506E+01  2.479815E+03
1.059324E+00  6.278212E+04  9.947078E+03  7.326460E+02  2.817869E+01  5.635738E+01  2.338831E+03
1.083999E+00  6.041676E+04  9.472819E+03  7.985807E+02  0.000000E+00  0.000000E+00  2.505891E+03
1.109248E+00  6.227076E+04  1.025288E+04  6.189401E+02  5.382088E+01  0.000000E+00  2.368119E+03
1.135086E+00  6.127407E+04  1.017728E+04  8.678302E+02  7.889365E+01  0.000000E+00  2.287916E+03
1.161526E+00  5.718088E+04  9.791422E+03  7.709781E+02  5.139854E+01  0.000000E+00  1.953145E+03
1.188581E+00  5.565325E+04  8.915571E+03  8.538857E+02  5.022857E+01  5.022857E+01  2.059371E+03
1.216267E+00  5.522088E+04  9.571619E+03  9.080767E+02  7.362784E+01  2.454261E+01  2.380634E+03
1.244597E+00  5.422772E+04  9.185855E+03  8.154545E+02  2.398396E+01  2.398396E+01  2.350428E+03
1.273587E+00  5.362618E+04  9.304892E+03  8.672065E+02  2.343801E+01  0.000000E+00  1.921917E+03
1.303253E+00  5.192450E+04  9.001468E+03  8.016575E+02  6.871350E+01  2.290450E+01  2.084309E+03
1.333610E+00  5.172741E+04  8.416057E+03  8.057927E+02  2.238313E+01  6.714939E+01  2.126397E+03
1.364674E+00  5.133740E+04  8.071369E+03  5.687143E+02  8.749451E+01  2.187363E+01  1.837385E+03
1.396461E+00  4.728310E+04  7.994520E+03  6.626474E+02  1.068786E+02  2.137572E+01  1.816936E+03
1.428989E+00  4.806594E+04  7.624541E+03  4.386722E+02  2.088915E+01  2.088915E+01  2.005359E+03
1.462274E+00  4.537956E+04  8.165463E+03  8.369599E+02  4.082731E+01  2.041366E+01  1.857643E+03
1.496335E+00  4.486527E+04  7.221533E+03  6.982145E+02  5.984696E+01  3.989797E+01  1.935052E+03
1.531189E+00  4.364906E+04  7.758967E+03  7.603008E+02  0.000000E+00  7.797956E+01  1.949489E+03
1.566855E+00  4.313177E+04  8.439652E+03  6.477385E+02  3.810227E+01  1.905113E+01  1.657449E+03
1.603352E+00  4.226167E+04  7.000171E+03  5.771418E+02  3.723495E+01  5.585243E+01  1.712808E+03
1.640699E+00  4.126329E+04  7.532188E+03  6.549729E+02  7.277476E+01  1.819369E+01  1.782982E+03
1.678915E+00  4.062628E+04  7.129600E+03  7.645207E+02  7.111821E+01  0.000000E+00  2.009089E+03
1.718022E+00  3.820727E+04  7.193184E+03  7.123684E+02  5.212452E+01  1.737484E+01  1.667985E+03
1.758040E+00  3.920530E+04  6.757777E+03  6.621943E+02  5.093802E+01  3.395868E+01  1.494182E+03
1.798990E+00  3.796443E+04  6.537580E+03  7.134923E+02  4.977853E+01  0.000000E+00  1.742249E+03
1.840894E+00  3.718133E+04  6.372552E+03  5.675300E+02  3.243029E+01  0.000000E+00  1.589084E+03
1.883774E+00  3.536837E+04  6.924721E+03  4.595352E+02  9.507625E+01  0.000000E+00  1.663834E+03
1.927653E+00  3.335543E+04  6.302534E+03  7.432964E+02  6.194137E+01  4.645603E+01  1.548534E+03
1.972553E+00  3.504769E+04  6.734120E+03  5.750484E+02  7.566427E+01  3.026571E+01  1.361957E+03
2.018500E+00  3.433864E+04  6.181546E+03  4.732284E+02  7.394194E+01  1.478839E+01  1.611934E+03
2.065517E+00  3.237195E+04  6.517745E+03  4.480046E+02  1.445176E+01  0.000000E+00  1.401821E+03
2.113629E+00  3.180455E+04  6.199909E+03  4.236840E+02  1.412280E+01  1.412280E+01  1.609999E+03
2.162862E+00  3.072175E+04  6.279603E+03  3.588345E+02  0.000000E+00  1.380133E+01  1.393934E+03
2.213241E+00  2.982013E+04  5.543227E+03  6.069226E+02  2.697434E+01  1.348717E+01  1.267794E+03
2.264794E+00  2.871958E+04  5.298426E+03  4.613057E+02  7.908098E+01  2.636033E+01  1.212575E+03
2.317548E+00  2.867121E+04  5.731665E+03  4.765654E+02  3.864044E+01  0.000000E+00  1.069052E+03
2.371531E+00  2.911364E+04  5.513088E+03  6.041740E+02  5.034784E+01  2.517392E+01  1.233522E+03
2.426771E+00  2.782361E+04  5.375294E+03  4.674169E+02  1.230044E+01  1.230044E+01  1.451452E+03
2.483298E+00  2.707006E+04  5.433244E+03  5.168795E+02  1.202045E+01  1.202045E+01  1.238107E+03
2.541141E+00  2.599574E+04  5.462278E+03  3.993923E+02  1.174683E+01  5.873417E+01  1.162937E+03
2.600332E+00  2.687338E+04  5.096873E+03  3.673422E+02  1.147944E+01  1.147944E+01  1.251259E+03
2.660901E+00  2.521838E+04  5.059381E+03  4.599437E+02  1.121814E+01  0.000000E+00  1.334959E+03
2.722882E+00  2.449086E+04  5.284061E+03  4.056230E+02  3.288835E+01  0.000000E+00  8.989482E+02
2.786306E+00  2.539038E+04  4.799531E+03  4.713825E+02  1.071324E+01  3.213972E+01  9.320518E+02
2.851207E+00  2.377595E+04  4.836852E+03  3.140813E+02  2.093875E+01  4.187751E+01  1.078346E+03
2.917620E+00  2.296874E+04  4.726752E+03  3.273941E+02  5.115532E+01  2.046213E+01  1.012875E+03
2.985580E+00  2.234593E+04  4.359205E+03  2.999453E+02  3.999271E+01  9.998177E+00  9.398286E+02
3.055124E+00  2.304882E+04  4.386995E+03  3.712824E+02  9.770591E+00  9.770591E+00  1.094306E+03
3.126287E+00  2.113968E+04  4.277587E+03  3.819274E+02  5.728911E+01  3.819274E+01  1.078945E+03
3.199107E+00  2.152625E+04  4.320180E+03  2.705944E+02  2.799252E+01  4.665421E+01  1.054385E+03
3.273624E+00  2.084477E+04  4.121537E+03  3.282640E+02  9.118446E+00  9.118446E+00  9.209630E+02
3.349876E+00  2.033464E+04  4.232670E+03  3.475245E+02  6.237619E+01  8.910884E+00  9.089102E+02
3.427905E+00  1.904450E+04  4.528185E+03  1.828690E+02  2.612414E+01  3.483219E+01  8.011404E+02
3.507751E+00  1.851739E+04  4.152796E+03  2.382752E+02  1.701966E+01  8.509829E+00  7.743944E+02
3.589457E+00  1.866969E+04  3.958474E+03  3.076965E+02  2.494836E+01  2.494836E+01  8.149799E+02
3.673066E+00  1.903302E+04  4.095919E+03  3.250729E+02  4.063412E+01  2.438047E+01  7.557946E+02
3.758623E+00  1.858389E+04  3.859731E+03  2.223714E+02  4.765100E+01  7.941834E+00  7.068232E+02
3.846173E+00  1.819192E+04  3.507997E+03  2.716370E+02  3.104422E+01  7.761056E+00  8.149109E+02
3.935762E+00  1.728483E+04  3.648093E+03  2.351162E+02  7.584393E+00  7.584393E+00  7.963612E+02
4.027437E+00  1.688397E+04  3.394582E+03  2.668230E+02  2.964700E+01  1.482350E+01  6.967046E+02
4.121248E+00  1.658656E+04  3.628762E+03  3.549089E+02  1.448608E+01  1.448608E+01  7.387900E+02
4.217245E+00  1.584094E+04  3.510771E+03  2.335795E+02  3.539084E+01  1.415633E+01  7.856766E+02
4.315477E+00  1.621356E+04  3.603782E+03  3.666036E+02  3.458524E+01  1.383410E+01  5.741150E+02
4.415997E+00  1.538484E+04  3.501471E+03  2.568647E+02  3.379799E+01  6.759597E+00  6.286425E+02
4.518859E+00  1.540456E+04  3.309471E+03  2.774407E+02  6.605730E+00  1.321146E+01  6.539673E+02
4.624117E+00  1.500227E+04  3.059843E+03  1.872056E+02  3.873219E+01  6.455365E+00  6.390812E+02
4.731826E+00  1.417503E+04  3.097436E+03  2.838790E+02  3.785054E+01  1.261685E+01  6.245339E+02
4.842045E+00  1.345781E+04  3.026929E+03  2.774172E+02  2.465930E+01  3.082413E+01  7.952625E+02
4.954830E+00  1.366958E+04  3.018273E+03  2.952004E+02  1.807349E+01  1.807349E+01  6.144987E+02
5.070243E+00  1.320536E+04  3.049654E+03  2.119451E+02  2.354945E+01  1.766209E+01  5.769616E+02
5.188344E+00  1.327873E+04  3.078042E+03  2.301340E+02  2.301340E+01  1.150670E+01  5.868417E+02
5.309196E+00  1.319574E+04  2.754970E+03  2.136507E+02  1.124478E+01  5.622388E+00  4.779030E+02
5.432863E+00  1.273604E+04  2.873575E+03  2.417539E+02  2.747203E+01  2.197763E+01  5.274631E+02
5.559411E+00  1.255351E+04  2.883335E+03  2.416202E+02  1.073868E+01  1.610802E+01  6.926447E+02
5.688906E+00  1.155415E+04  2.744243E+03  1.836491E+02  5.247118E+00  2.098847E+01  5.299589E+02
5.821418E+00  1.197826E+04  2.543329E+03  2.666393E+02  2.563839E+01  1.025536E+01  4.973848E+02
5.957016E+00  1.105417E+04  2.560600E+03  2.705918E+02  1.503288E+01  5.010959E+00  5.762602E+02
6.095773E+00  1.082214E+04  2.590458E+03  2.007727E+02  1.469069E+01  2.448448E+01  5.827305E+02
6.237762E+00  1.098256E+04  2.387929E+03  1.579191E+02  9.570857E+00  4.785428E+00  4.737574E+02
6.383058E+00  1.075127E+04  2.385014E+03  2.057659E+02  1.870599E+01  0.000000E+00  5.097384E+02
6.531738E+00  1.026890E+04  2.426696E+03  1.919420E+02  2.742029E+01  4.570049E+00  4.570049E+02
6.683882E+00  1.019593E+04  2.487574E+03  1.741748E+02  1.339806E+01  0.000000E+00  5.046604E+02
6.839570E+00  1.002494E+04  2.238918E+03  1.876676E+02  2.618617E+01  0.000000E+00  4.931730E+02
6.998884E+00  9.536579E+03  2.251929E+03  1.706007E+02  2.559010E+01  8.530035E+00  4.606219E+02
7.161909E+00  9.657103E+03  2.279860E+03  1.750532E+02  2.083967E+01  0.000000E+00  5.001521E+02
7.328731E+00  9.078851E+03  2.309425E+03  1.629224E+02  2.036530E+01  0.000000E+00  4.602558E+02
7.499439E+00  9.246344E+03  2.049878E+03  1.711549E+02  1.592138E+01  2.786242E+01  4.657005E+02
7.674123E+00  8.689684E+03  2.077122E+03  1.011333E+02  3.889742E+00  3.889742E+00  4.667691E+02
7.852877E+00  8.659135E+03  2.067853E+03  2.052648E+02  1.520480E+01  7.602402E+00  3.763189E+02
8.035794E+00  8.610616E+03  1.920487E+03  1.968778E+02  0.000000E+00  0.000000E+00  3.751822E+02
8.222971E+00  8.218589E+03  1.982045E+03  1.887662E+02  1.089036E+01  7.260237E+00  3.811625E+02
8.414509E+00  7.917991E+03  1.912095E+03  1.383520E+02  2.128492E+01  3.547487E+00  4.150560E+02
8.610508E+00  7.713488E+03  1.802703E+03  1.248025E+02  1.386695E+01  3.466736E+00  4.264086E+02
8.811073E+00  7.622604E+03  1.663421E+03  1.219617E+02  1.693912E+01  3.387824E+00  3.455580E+02
9.016309E+00  7.386188E+03  1.847375E+03  1.258069E+02  1.324283E+01  0.000000E+00  3.575564E+02
9.226326E+00  7.292471E+03  1.743852E+03  1.391199E+02  9.706040E+00  6.470693E+00  2.976519E+02
9.441234E+00  7.177062E+03  1.748421E+03  1.043361E+02  9.485103E+00  1.264680E+01  3.446254E+02
9.661149E+00  7.267050E+03  1.720981E+03  1.575763E+02  1.235893E+01  6.179464E+00  3.213321E+02
9.886186E+00  6.709109E+03  1.545933E+03  1.388925E+02  2.113581E+01  9.058203E+00  2.898625E+02
1.011646E+01  6.588849E+03  1.631721E+03  1.003228E+02  2.950671E+00  5.901342E+00  2.862151E+02
1.035211E+01  6.623413E+03  1.709919E+03  1.384083E+02  8.650517E+00  8.650517E+00  3.316032E+02
1.059324E+01  6.359931E+03  1.555464E+03  1.183505E+02  8.453607E+00  5.635738E+00  3.381443E+02
1.083999E+01  6.168347E+03  1.553102E+03  1.184102E+02  1.927609E+01  5.507453E+00  3.221860E+02
1.109248E+01  6.044085E+03  1.520440E+03  1.076418E+02  5.382088E+00  2.691044E+00  2.556492E+02
1.135086E+01  5.909135E+03  1.451643E+03  9.993196E+01  7.889365E+00  0.000000E+00  2.445703E+02
1.161526E+01  5.682109E+03  1.390331E+03  1.439159E+02  2.569927E+00  7.709781E+00  2.878318E+02
1.188581E+01  5.575371E+03  1.423980E+03  1.054800E+02  1.004571E+01  7.534285E+00  2.787686E+02
1.216267E+01  5.590807E+03  1.379295E+03  9.326193E+01  4.908523E+00  7.362784E+00  2.699688E+02
1.244597E+01  5.660214E+03  1.434241E+03  1.031310E+02  0.000000E+00  2.398396E+00  2.902059E+02
1.273587E+01  5.430588E+03  1.293778E+03  9.375206E+01  2.343801E+00  0.000000E+00  2.484430E+02
1.303253E+01  5.215355E+03  1.298685E+03  1.191034E+02  6.871350E+00  0.000000E+00  2.130118E+02
1.333610E+01  5.174980E+03  1.179591E+03  1.007241E+02  4.476626E+00  4.476626E+00  2.350229E+02
1.364674E+01  4.873444E+03  1.318980E+03  1.203050E+02  1.531154E+01  8.749451E+00  2.056121E+02
1.396461E+01  4.749686E+03  1.173527E+03  1.004659E+02  6.412717E+00  0.000000E+00  2.714717E+02
1.428989E+01  4.509968E+03  1.171881E+03  8.564552E+01  4.177830E+00  4.177830E+00  2.360474E+02
1.462274E+01  4.468550E+03  1.235026E+03  1.102337E+02  1.633093E+01  8.165463E+00  2.286330E+02
1.496335E+01  4.464583E+03  1.145072E+03  9.176533E+01  7.979594E+00  0.000000E+00  2.194388E+02
1.531189E+01  4.405845E+03  1.078067E+03  9.162599E+01  7.797956E+00  5.848467E+00  1.968984E+02
1.566855E+01  4.454155E+03  1.101155E+03  9.525567E+01  7.620453E+00  0.000000E+00  2.038471E+02
1.603352E+01  4.231752E+03  9.904497E+02  7.260816E+01  7.446991E+00  0.000000E+00  1.619720E+02
1.640699E+01  4.117232E+03  1.064331E+03  7.641350E+01  7.277476E+00  0.000000E+00  2.128662E+02
1.678915E+01  4.030624E+03  9.743194E+02  8.534185E+01  7.111821E+00  1.777955E+00  1.795735E+02
1.718022E+01  4.010113E+03  9.504037E+02  7.644930E+01  1.042490E+01  8.687420E+00  1.789609E+02
1.758040E+01  3.703194E+03  9.033009E+02  1.035740E+02  3.395868E+00  3.395868E+00  1.867727E+02
1.798990E+01  3.580736E+03  9.341771E+02  6.471209E+01  8.296422E+00  3.318569E+00  2.057513E+02
1.840894E+01  3.581925E+03  1.000474E+03  8.756178E+01  4.864543E+00  3.243029E+00  1.864742E+02
1.883774E+01  3.543175E+03  9.190705E+02  7.606100E+01  6.338417E+00  3.169208E+00  1.568758E+02
1.927653E+01  3.504333E+03  9.198293E+02  6.348990E+01  4.645603E+00  1.548534E+00  1.564020E+02
1.972553E+01  3.330741E+03  8.928383E+02  6.809784E+01  1.513285E+00  1.513285E+00  1.588950E+02
2.018500E+01  3.287458E+03  8.414592E+02  6.211123E+01  4.436516E+00  0.000000E+00  1.582357E+02
2.065517E+01  3.121581E+03  7.861759E+02  6.214258E+01  2.890352E+00  4.335529E+00  1.488532E+02
2.113629E+01  3.146560E+03  8.713768E+02  6.072804E+01  2.824560E+00  2.824560E+00  1.355789E+02
2.162862E+01  2.982467E+03  7.452716E+02  4.554438E+01  2.760265E+00  0.000000E+00  1.173113E+02
2.213241E+01  3.062936E+03  7.687687E+02  6.743585E+01  4.046151E+00  1.348717E+00  1.362204E+02
2.264794E+01  2.966855E+03  7.604955E+02  6.194677E+01  3.954049E+00  5.272066E+00  1.502539E+02
2.317548E+01  2.916065E+03  7.766729E+02  5.152059E+01  3.864044E+00  1.288015E+00  1.545618E+02
2.371531E+01  2.864792E+03  7.174567E+02  5.790001E+01  6.293479E+00  1.258696E+00  1.548196E+02
2.426771E+01  2.771290E+03  6.949751E+02  6.150222E+01  4.920178E+00  1.230044E+00  1.193143E+02
2.483298E+01  2.686571E+03  7.452680E+02  5.529408E+01  4.808181E+00  2.404090E+00  1.262148E+02
2.541141E+01  2.603098E+03  6.742682E+02  3.876455E+01  3.524050E+00  0.000000E+00  1.339139E+02
2.600332E+01  2.565655E+03  6.818789E+02  4.247394E+01  3.443833E+00  4.591777E+00  1.124985E+02
2.660901E+01  2.567832E+03  6.562611E+02  5.160344E+01  4.487256E+00  2.243628E+00  1.043287E+02
2.722882E+01  2.378924E+03  6.325526E+02  5.919903E+01  3.288835E+00  4.385113E+00  1.085316E+02
2.786306E+01  2.465116E+03  6.556503E+02  5.356620E+01  2.142648E+00  0.000000E+00  1.242736E+02
2.851207E+01  2.336765E+03  6.040830E+02  3.350200E+01  3.140813E+00  1.046938E+00  1.015530E+02
2.917620E+01  2.294828E+03  5.770320E+02  4.910911E+01  3.069319E+00  1.023106E+00  1.104955E+02
2.985580E+01  2.235592E+03  5.798943E+02  3.699325E+01  3.999271E+00  2.999453E+00  8.198505E+01
3.055124E+01  2.161255E+03  5.803731E+02  5.764648E+01  4.885295E+00  3.908236E+00  1.074765E+02
3.126287E+01  2.099646E+03  5.690718E+02  3.532828E+01  4.774092E+00  9.548185E-01  1.040752E+02
3.199107E+01  2.054651E+03  5.253264E+02  3.452411E+01  2.799252E+00  9.330842E-01  7.371365E+01
3.273624E+01  2.049827E+03  5.580489E+02  3.647378E+01  5.471067E+00  9.118446E-01  9.391999E+01
3.349876E+01  1.947028E+03  5.462372E+02  3.653463E+01  2.673265E+00  1.782177E+00  1.069306E+02
3.427905E+01  2.021138E+03  4.920047E+02  4.441104E+01  3.483219E+00  1.741610E+00  7.663082E+01
3.507751E+01  1.853441E+03  4.722955E+02  3.744325E+01  1.701966E+00  4.254914E+00  8.680025E+01
3.589457E+01  1.856158E+03  4.449125E+02  3.492771E+01  2.494836E+00  8.316121E-01  8.482444E+01
3.673066E+01  1.913867E+03  4.331597E+02  3.657070E+01  1.625365E+00  1.625365E+00  7.639214E+01
3.758623E+01  1.735291E+03  4.733333E+02  3.653244E+01  2.382550E+00  1.588367E+00  7.624161E+01
3.846173E+01  1.760207E+03  4.423802E+02  3.492475E+01  4.656634E+00  1.552211E+00  8.692383E+01
3.935762E+01  1.736067E+03  4.679570E+02  3.109601E+01  7.584393E-01  3.033757E+00  7.887768E+01
4.027437E+01  1.622432E+03  4.387757E+02  3.335288E+01  7.411751E-01  2.223525E+00  7.782338E+01
4.121248E+01  1.681109E+03  4.505170E+02  3.114507E+01  1.448608E+00  2.172912E+00  6.736026E+01
4.217245E+01  1.600374E+03  4.225666E+02  2.618922E+01  4.246900E+00  7.078167E-01  7.432075E+01
4.315477E+01  1.474023E+03  3.859713E+02  3.251013E+01  2.075115E+00  2.075115E+00  5.810321E+01
4.415997E+01  1.462777E+03  3.832692E+02  3.177011E+01  6.759597E-01  1.351919E+00  6.286425E+01
4.518859E+01  1.445334E+03  3.613334E+02  2.906521E+01  1.321146E+00  0.000000E+00  6.605730E+01
4.624117E+01  1.529276E+03  3.776389E+02  2.646700E+01  2.582146E+00  0.000000E+00  5.874382E+01
4.731826E+01  1.379021E+03  3.381315E+02  2.838790E+01  3.154212E+00  1.892527E+00  5.614497E+01
4.842045E+01  1.287832E+03  3.483127E+02  3.267358E+01  1.849448E+00  1.849448E+00  5.733288E+01
4.954830E+01  1.315148E+03  3.789409E+02  2.891759E+01  4.819598E+00  0.000000E+00  5.361803E+01
5.070243E+01  1.345262E+03  3.815011E+02  3.120302E+01  1.766209E+00  1.177473E+00  5.004259E+01
5.188344E+01  1.308887E+03  3.302423E+02  1.898606E+01  1.150670E+00  2.301340E+00  4.890348E+01
5.309196E+01  1.272346E+03  2.985488E+02  2.136507E+01  1.124478E+00  1.124478E+00  5.285045E+01
5.432863E+01  1.204923E+03  3.444993E+02  2.252707E+01  2.747203E+00  5.494407E-01  4.340581E+01
5.559411E+01  1.227431E+03  3.022938E+02  3.275297E+01  1.073868E+00  3.758537E+00  3.865924E+01
5.688906E+01  1.210510E+03  3.001351E+02  1.679078E+01  5.247118E-01  1.049424E+00  4.197694E+01
5.821418E+01  1.164496E+03  3.153522E+02  2.153625E+01  1.538304E+00  0.000000E+00  4.255973E+01
5.957016E+01  1.134982E+03  2.971498E+02  2.154712E+01  1.002192E+00  5.010959E-01  4.559972E+01
6.095773E+01  1.064585E+03  2.654117E+02  3.134013E+01  9.793790E-01  1.469069E+00  4.407206E+01
6.237762E+01  1.085814E+03  2.536277E+02  1.627046E+01  2.871257E+00  0.000000E+00  3.684780E+01
6.383058E+01  1.014333E+03  2.642222E+02  1.917364E+01  1.402950E+00  4.676499E-01  4.629734E+01
6.531738E+01  1.026890E+03  2.527237E+02  1.553817E+01  4.570049E-01  9.140097E-01  3.610338E+01
6.683882E+01  9.722529E+02  2.416118E+02  2.009710E+01  2.233011E+00  4.466022E-01  3.930099E+01
6.839570E+01  1.003367E+03  2.334934E+02  1.658458E+01  1.309309E+00  2.182181E+00  3.884283E+01
6.998884E+01  9.574964E+02  2.422530E+02  1.748657E+01  8.530035E-01  1.279505E+00  3.198763E+01
7.161909E+01  9.486217E+02  2.375722E+02  2.000608E+01  1.250380E+00  4.167934E-01  3.167630E+01
7.328731E+01  8.972951E+02  2.431617E+02  1.425571E+01  4.073060E-01  1.221918E+00  3.339909E+01
7.499439E+01  8.764722E+02  2.312581E+02  1.751352E+01  3.980346E-01  0.000000E+00  3.860936E+01
7.674123E+01  8.825825E+02  2.349404E+02  1.672589E+01  7.779484E-01  0.000000E+00  2.839512E+01
7.852877E+01  8.351238E+02  2.147678E+02  1.064336E+01  3.801201E-01  3.801201E-01  2.926925E+01
8.035794E+01  8.116565E+02  2.061645E+02  1.597310E+01  7.429350E-01  3.714675E-01  2.154511E+01
8.222971E+01  7.884618E+02  2.090948E+02  1.306843E+01  7.260237E-01  3.630119E-01  1.960264E+01
8.414509E+01  7.903801E+02  1.936928E+02  1.241620E+01  1.418995E+00  0.000000E+00  2.767040E+01
8.610508E+01  7.945760E+02  1.896305E+02  1.282692E+01  6.933473E-01  3.466736E-01  2.669387E+01
8.811073E+01  7.395619E+02  1.781995E+02  1.660034E+01  1.355130E+00  6.775648E-01  1.964938E+01
9.016309E+01  7.031943E+02  1.751364E+02  1.390497E+01  3.310708E-01  6.621415E-01  2.185067E+01
9.226326E+01  6.994819E+02  1.614438E+02  1.358846E+01  6.470693E-01  6.470693E-01  1.811794E+01
9.441234E+01  6.924125E+02  1.666216E+02  1.138212E+01  6.323402E-01  0.000000E+00  2.181574E+01
9.661149E+01  7.078576E+02  1.628289E+02  1.112304E+01  3.089732E-01  0.000000E+00  2.224607E+01
9.886186E+01  6.823847E+02  1.645574E+02  1.147372E+01  3.019401E-01  0.000000E+00  1.660671E+01
1.011646E+02  6.394104E+02  1.643524E+02  8.852014E+00  5.901342E-01  0.000000E+00  1.770403E+01
1.035211E+02  6.565742E+02  1.640715E+02  1.182237E+01  1.153402E+00  0.000000E+00  1.816609E+01
1.059324E+02  6.351477E+02  1.462474E+02  1.408935E+01  8.453607E-01  8.453607E-01  1.408935E+01
1.083999E+02  5.967325E+02  1.368602E+02  1.018879E+01  2.753727E-01  1.101491E+00  1.514550E+01
1.109248E+02  6.036012E+02  1.525822E+02  9.418654E+00  5.382088E-01  5.382088E-01  1.291701E+01
1.135086E+02  5.640896E+02  1.406937E+02  9.467238E+00  7.889365E-01  2.629788E-01  1.604171E+01
1.161526E+02  5.656410E+02  1.367201E+02  9.765723E+00  1.027971E+00  2.569927E-01  1.464858E+01
1.188581E+02  5.474914E+02  1.273294E+02  1.155257E+01  7.534285E-01  0.000000E+00  1.205486E+01
1.216267E+02  5.446006E+02  1.332664E+02  8.835341E+00  0.000000E+00  7.362784E-01  1.423472E+01
1.244597E+02  5.295657E+02  1.239971E+02  7.914705E+00  7.195187E-01  7.195187E-01  1.223182E+01
1.273587E+02  5.193864E+02  1.141431E+02  9.609586E+00  0.000000E+00  2.343801E-01  1.289091E+01
1.303253E+02  4.869497E+02  1.172710E+02  5.955170E+00  6.871350E-01  0.000000E+00  1.259747E+01
1.333610E+02  5.027251E+02  1.112442E+02  6.938770E+00  0.000000E+00  0.000000E+00  1.119156E+01
1.364674E+02  4.593462E+02  1.143991E+02  6.343352E+00  6.562088E-01  0.000000E+00  6.999561E+00
1.396461E+02  4.734723E+02  1.197040E+02  5.557688E+00  4.275145E-01  2.137572E-01  9.405318E+00
1.428989E+02  4.484901E+02  9.817902E+01  8.564552E+00  4.177830E-01  6.266746E-01  7.102312E+00
1.462274E+02  4.472632E+02  1.073758E+02  5.715824E+00  2.041366E-01  2.041366E-01  8.165463E+00
1.496335E+02  4.332920E+02  9.834850E+01  6.184185E+00  1.994899E-01  7.979594E-01  8.977043E+00
1.531189E+02  3.965261E+02  9.571992E+01  8.187854E+00  1.949489E-01  3.898978E-01  7.213110E+00
1.566855E+02  4.191249E+02  9.144544E+01  4.572272E+00  1.905113E-01  1.905113E-01  5.905851E+00
1.603352E+02  3.976693E+02  9.197033E+01  6.702292E+00  0.000000E+00  3.723495E-01  4.468194E+00
1.640699E+02  3.951670E+02  8.787553E+01  4.912297E+00  1.819369E-01  3.638738E-01  6.185855E+00
1.678915E+02  3.895500E+02  8.178594E+01  4.622684E+00  5.333866E-01  1.777955E-01  6.578434E+00
1.718022E+02  3.779028E+02  8.131425E+01  5.733697E+00  1.737484E-01  0.000000E+00  4.517458E+00
1.758040E+02  3.677725E+02  8.167063E+01  3.905248E+00  1.697934E-01  0.000000E+00  3.905248E+00
1.798990E+02  3.534276E+02  7.499965E+01  4.480068E+00  3.318569E-01  0.000000E+00  2.820783E+00
1.840894E+02  3.549495E+02  7.377891E+01  4.864543E+00  0.000000E+00  1.621514E-01  5.026695E+00
1.883774E+02  3.435422E+02  7.225795E+01  4.119971E+00  6.338417E-01  0.000000E+00  2.535367E+00
1.927653E+02  3.239534E+02  7.076801E+01  5.265016E+00  1.548534E-01  0.000000E+00  4.181042E+00
1.972553E+02  3.311068E+02  6.507127E+01  3.480556E+00  3.026571E-01  1.513285E-01  2.421256E+00
2.018500E+02  3.195770E+02  6.639986E+01  2.957677E+00  0.000000E+00  1.478839E-01  3.844981E+00
2.065517E+02  3.123026E+02  6.633359E+01  3.901976E+00  0.000000E+00  0.000000E+00  2.601317E+00
2.113629E+02  3.016630E+02  6.228155E+01  2.965788E+00  2.824560E-01  0.000000E+00  1.977192E+00
2.162862E+02  2.976946E+02  5.962173E+01  2.760265E+00  1.380133E-01  0.000000E+00  2.070199E+00
2.213241E+02  2.887603E+02  5.718560E+01  1.888204E+00  2.697434E-01  1.348717E-01  1.888204E+00
2.264794E+02  2.783651E+02  5.469768E+01  2.108826E+00  1.318016E-01  2.636033E-01  2.372430E+00
2.317548E+02  2.798856E+02  4.997497E+01  2.704831E+00  0.000000E+00  0.000000E+00  1.159213E+00
2.371531E+02  2.635709E+02  5.525675E+01  2.643261E+00  2.517392E-01  0.000000E+00  1.258696E+00
2.426771E+02  2.594164E+02  5.006281E+01  1.968071E+00  2.460089E-01  0.000000E+00  8.610311E-01
2.483298E+02  2.637287E+02  5.517388E+01  2.884909E+00  0.000000E+00  0.000000E+00  1.202045E+00
2.541141E+02  2.437468E+02  4.980657E+01  2.114430E+00  4.698733E-01  1.174683E-01  1.057215E+00
2.600332E+02  2.512850E+02  4.385147E+01  1.836711E+00  2.295889E-01  1.147944E-01  5.739721E-01
2.660901E+02  2.326642E+02  4.453601E+01  2.355809E+00  2.243628E-01  0.000000E+00  6.730883E-01
2.722882E+02  2.341650E+02  4.067192E+01  1.425162E+00  0.000000E+00  1.096278E-01  7.673948E-01
2.786306E+02  2.281920E+02  3.513943E+01  2.035516E+00  0.000000E+00  0.000000E+00  8.570592E-01
2.851207E+02  2.209038E+02  4.020241E+01  1.046938E+00  0.000000E+00  1.046938E-01  4.187751E-01
2.917620E+02  2.175124E+02  3.724107E+01  1.534660E+00  1.023106E-01  1.023106E-01  8.184851E-01
2.985580E+02  2.133611E+02  3.659333E+01  1.499727E+00  1.999635E-01  1.999635E-01  3.999271E-01
3.055124E+02  2.002971E+02  3.400166E+01  1.856412E+00  0.000000E+00  0.000000E+00  5.862354E-01
3.126287E+02  1.972655E+02  3.284576E+01  1.432228E+00  9.548185E-02  0.000000E+00  1.909637E-01
3.199107E+02  1.975339E+02  2.883230E+01  9.330842E-01  0.000000E+00  1.866168E-01  2.799252E-01
3.273624E+02  1.883871E+02  3.136745E+01  1.185398E+00  9.118446E-02  0.000000E+00  9.118446E-02
3.349876E+02  1.832078E+02  2.976235E+01  1.158415E+00  1.782177E-01  0.000000E+00  5.346531E-01
3.427905E+02  1.794729E+02  2.673371E+01  9.578853E-01  8.708048E-02  8.708048E-02  2.612414E-01
3.507751E+02  1.801531E+02  2.586988E+01  5.956880E-01  8.509829E-02  0.000000E+00  0.000000E+00
3.589457E+02  1.748880E+02  2.511469E+01  1.164257E+00  0.000000E+00  0.000000E+00  1.663224E-01
3.673066E+02  1.692005E+02  2.210496E+01  3.250729E-01  0.000000E+00  0.000000E+00  1.625365E-01
3.758623E+02  1.609810E+02  2.271365E+01  7.147651E-01  7.941834E-02  0.000000E+00  0.000000E+00
3.846173E+02  1.577823E+02  2.204140E+01  6.984950E-01  1.552211E-01  0.000000E+00  0.000000E+00
3.935762E+02  1.592722E+02  2.062955E+01  3.792196E-01  7.584393E-02  0.000000E+00  0.000000E+00
4.027437E+02  1.507550E+02  1.956702E+01  3.705875E-01  0.000000E+00  0.000000E+00  7.411751E-02
4.121248E+02  1.457299E+02  1.861461E+01  5.794431E-01  0.000000E+00  0.000000E+00  0.000000E+00
4.217245E+02  1.434037E+02  1.684604E+01  4.246900E-01  0.000000E+00  0.000000E+00  0.000000E+00
4.315477E+02  1.384101E+02  1.680843E+01  6.917048E-01  0.000000E+00  0.000000E+00  0.000000E+00
4.415997E+02  1.349216E+02  1.514150E+01  3.379799E-01  6.759597E-02  0.000000E+00  0.000000E+00
4.518859E+02  1.330394E+02  1.387203E+01  3.302865E-01  0.000000E+00  0.000000E+00  1.321146E-01
4.624117E+02  1.247177E+02  1.239430E+01  3.227683E-01  0.000000E+00  0.000000E+00  0.000000E+00
4.731826E+02  1.203647E+02  1.198600E+01  3.785054E-01  0.000000E+00  0.000000E+00  0.000000E+00
4.842045E+02  1.178715E+02  1.343932E+01  2.465930E-01  6.164826E-02  0.000000E+00  0.000000E+00
4.954830E+02  1.197068E+02  1.054287E+01  1.204899E-01  0.000000E+00  0.000000E+00  0.000000E+00
5.070243E+02  1.125075E+02  1.065613E+01  2.354945E-01  0.000000E+00  0.000000E+00  5.887363E-02
5.188344E+02  1.100041E+02  1.058616E+01  5.753350E-02  0.000000E+00  0.000000E+00  0.000000E+00
5.309196E+02  1.110984E+02  8.714701E+00  2.248955E-01  0.000000E+00  0.000000E+00  0.000000E+00
5.432863E+02  1.069761E+02  7.857002E+00  1.098881E-01  0.000000E+00  0.000000E+00  0.000000E+00
5.559411E+02  1.042726E+02  7.892928E+00  1.610802E-01  0.000000E+00  0.000000E+00  0.000000E+00
5.688906E+02  9.680932E+01  7.136080E+00  1.049424E-01  0.000000E+00  0.000000E+00  0.000000E+00
5.821418E+02  9.840016E+01  6.358322E+00  0.000000E+00  0.000000E+00  0.000000E+00  0.000000E+00
5.957016E+02  1.003695E+02  6.915123E+00  0.000000E+00  0.000000E+00  0.000000E+00  0.000000E+00
6.095773E+02  8.961318E+01  6.414933E+00  4.896895E-02  4.896895E-02  0.000000E+00  0.000000E+00
6.237762E+02  9.140168E+01  5.216117E+00  4.785428E-02  0.000000E+00  0.000000E+00  4.785428E-02
6.383058E+02  8.815200E+01  5.284443E+00  0.000000E+00  0.000000E+00  0.000000E+00  0.000000E+00
6.531738E+02  8.175817E+01  5.209855E+00  4.570049E-02  0.000000E+00  0.000000E+00  0.000000E+00
6.683882E+02  7.927188E+01  3.751458E+00  0.000000E+00  0.000000E+00  0.000000E+00  0.000000E+00
6.839570E+02  7.895132E+01  3.753352E+00  4.364362E-02  0.000000E+00  0.000000E+00  0.000000E+00
6.998884E+02  7.387010E+01  2.644311E+00  0.000000E+00  0.000000E+00  0.000000E+00  0.000000E+00
7.161909E+02  7.331396E+01  3.542744E+00  8.335868E-02  0.000000E+00  0.000000E+00  0.000000E+00
7.328731E+02  7.433335E+01  2.321644E+00  0.000000E+00  0.000000E+00  0.000000E+00  0.000000E+00
7.499439E+02  7.371601E+01  2.388208E+00  0.000000E+00  0.000000E+00  0.000000E+00  0.000000E+00
7.674123E+02  6.838167E+01  1.789281E+00  0.000000E+00  0.000000E+00  0.000000E+00  0.000000E+00
7.852877E+02  6.952396E+01  1.862588E+00  0.000000E+00  0.000000E+00  0.000000E+00  0.000000E+00
8.035794E+02  6.678986E+01  1.671604E+00  0.000000E+00  0.000000E+00  0.000000E+00  0.000000E+00
8.222971E+02  6.196612E+01  1.415746E+00  0.000000E+00  0.000000E+00  0.000000E+00  0.000000E+00
8.414509E+02  5.863996E+01  1.631844E+00  3.547487E-02  0.000000E+00  0.000000E+00  0.000000E+00
8.610508E+02  5.824117E+01  1.074688E+00  0.000000E+00  0.000000E+00  0.000000E+00  0.000000E+00
8.811073E+02  5.623787E+01  1.287373E+00  0.000000E+00  0.000000E+00  0.000000E+00  0.000000E+00
9.016309E+02  5.638135E+01  9.601052E-01  0.000000E+00  0.000000E+00  0.000000E+00  0.000000E+00
9.226326E+02  5.309204E+01  7.764832E-01  0.000000E+00  0.000000E+00  0.000000E+00  0.000000E+00
9.441234E+02  5.191513E+01  7.904253E-01  0.000000E+00  0.000000E+00  0.000000E+00  0.000000E+00
9.661149E+02  4.934302E+01  8.342276E-01  0.000000E+00  0.000000E+00  0.000000E+00  0.000000E+00
9.886186E+02  4.637800E+01  6.340742E-01  0.000000E+00  0.000000E+00  0.000000E+00  0.000000E+00
