# Er [keV]  dR/dEr H1 [1/keV/decay]  O16  Cl35  Cl37  Ni58  Ni60  Ni61  Ni62
1.011646E-03  8.566841E+07  9.400118E+05  1.726476E+06  5.992107E+04  7.902091E+05  7.490134E+03  6.893296E+04  6.533930E+02
1.035211E-03  8.439908E+07  9.003154E+05  1.782332E+06  4.025801E+04  7.575825E+05  1.829909E+04  6.608681E+04  1.596300E+03
1.059324E-03  8.233129E+07  8.404801E+05  1.634466E+06  6.437720E+04  8.333271E+05  2.145907E+04  7.269431E+04  1.871956E+03
1.083999E-03  8.017060E+07  9.017358E+05  1.646192E+06  4.543630E+04  8.213485E+05  3.495100E+04  7.164936E+04  3.048909E+03
1.109248E-03  7.891268E+07  9.700139E+05  1.793159E+06  3.757096E+04  7.480036E+05  2.390879E+04  6.525121E+04  2.085655E+03
1.135086E-03  7.651560E+07  9.679604E+05  1.738991E+06  4.672912E+04  8.177597E+05  1.335118E+04  7.133630E+04  1.164674E+03
1.161526E-03  7.466299E+07  8.121924E+05  1.751596E+06  5.545089E+04  8.024070E+05  6.523634E+03  6.999702E+04  5.690815E+02
1.188581E-03  7.302402E+07  9.562707E+05  1.482220E+06  7.012652E+04  8.096425E+05  6.375138E+03  7.062821E+04  5.561276E+02
1.216267E-03  7.188823E+07  9.002382E+05  1.523240E+06  5.918521E+04  7.226826E+05  1.869007E+04  6.304236E+04  1.630406E+03
1.244597E-03  7.023054E+07  9.162755E+05  1.652949E+06  6.392620E+04  7.031882E+05  3.652926E+04  6.134179E+04  3.186587E+03
1.273587E-03  6.861405E+07  9.846629E+05  1.317842E+06  5.652144E+04  6.604084E+05  1.784887E+04  5.760994E+04  1.557025E+03
1.303253E-03  6.706383E+07  9.215499E+05  1.456456E+06  4.360646E+04  7.151460E+05  8.721292E+03  6.238491E+04  7.607916E+02
1.333610E-03  6.510545E+07  8.664818E+05  1.576713E+06  3.693201E+04  6.306851E+05  8.522772E+03  5.501707E+04  7.434739E+02
1.364674E-03  6.388166E+07  9.272697E+05  1.474192E+06  4.719636E+04  6.052239E+05  8.328770E+03  5.279599E+04  7.265504E+02
1.396461E-03  6.288605E+07  8.790318E+05  1.486758E+06  3.255673E+04  6.321433E+05  5.426122E+03  5.514427E+04  4.733414E+02
1.428989E-03  6.123188E+07  8.563713E+05  1.370724E+06  6.098000E+04  5.753331E+05  1.325652E+04  5.018850E+04  1.156417E+03
1.462274E-03  5.865659E+07  8.990608E+05  1.355069E+06  2.331858E+04  5.363273E+05  1.554572E+04  4.678588E+04  1.356113E+03
1.496335E-03  5.911658E+07  9.140434E+05  1.296372E+06  4.810755E+04  5.848865E+05  2.531976E+03  5.102188E+04  2.208739E+02
1.531189E-03  5.705583E+07  9.823135E+05  1.289132E+06  2.721775E+04  6.359057E+05  7.423024E+03  5.547248E+04  6.475387E+02
1.566855E-03  5.579336E+07  8.704866E+05  1.267042E+06  3.868829E+04  5.658163E+05  4.836037E+03  4.935832E+04  4.218659E+02
1.603352E-03  5.410510E+07  8.601238E+05  1.273645E+06  4.253360E+04  4.891364E+05  7.088933E+03  4.266923E+04  6.183947E+02
1.640699E-03  5.353625E+07  9.167483E+05  1.228489E+06  3.925622E+04  5.842250E+05  4.618379E+03  5.096417E+04  4.028789E+02
1.678915E-03  5.211678E+07  8.868540E+05  1.261454E+06  2.707951E+04  5.303071E+05  6.769878E+03  4.626071E+04  5.905623E+02
1.718022E-03  5.146633E+07  8.578457E+05  1.204071E+06  4.410518E+04  4.895675E+05  1.764207E+04  4.270684E+04  1.538985E+03
1.758040E-03  4.958149E+07  9.137459E+05  1.079686E+06  4.956641E+04  4.999742E+05  1.939555E+04  4.361466E+04  1.691948E+03
1.798990E-03  4.825913E+07  8.402964E+05  1.015095E+06  3.580210E+04  5.201835E+05  8.424024E+03  4.537759E+04  7.348598E+02
1.840894E-03  4.739935E+07  8.767367E+05  1.142227E+06  3.910328E+04  4.610071E+05  0.000000E+00  4.021541E+04  0.000000E+00
1.883774E-03  4.660198E+07  9.734305E+05  1.007621E+06  3.620196E+04  5.188948E+05  1.005610E+04  4.526517E+04  8.772320E+02
1.927653E-03  4.539182E+07  9.021366E+05  1.004339E+06  2.161983E+04  4.854635E+05  1.572351E+04  4.234883E+04  1.371622E+03
1.972553E-03  4.362679E+07  9.315396E+05  1.025654E+06  2.304840E+04  4.840165E+05  1.152420E+04  4.222260E+04  1.005300E+03
2.018500E-03  4.271255E+07  9.403669E+05  9.647676E+05  2.440074E+04  4.561061E+05  9.384899E+03  3.978788E+04  8.186806E+02
2.065517E-03  4.222270E+07  8.749394E+05  9.483096E+05  2.384531E+04  3.998675E+05  1.650829E+04  3.488197E+04  1.440081E+03
2.113629E-03  4.145519E+07  9.141759E+05  9.751210E+05  2.509502E+04  4.696355E+05  5.377505E+03  4.096809E+04  4.691003E+02
2.162862E-03  4.048703E+07  9.021252E+05  8.548293E+05  2.802719E+04  3.993875E+05  1.226190E+04  3.484009E+04  1.069652E+03
2.213241E-03  3.977085E+07  9.723171E+05  8.661839E+05  3.594834E+04  4.365156E+05  3.423652E+03  3.807892E+04  2.986582E+02
2.264794E-03  3.882708E+07  9.685859E+05  8.832701E+05  2.509290E+04  4.198879E+05  8.364300E+03  3.662842E+04  7.296498E+02
2.317548E-03  3.728118E+07  8.582601E+05  8.631644E+05  1.961737E+04  3.923475E+05  6.539124E+03  3.422597E+04  5.704328E+02
2.371531E-03  3.677923E+07  8.706750E+05  7.508574E+05  2.875624E+04  3.562579E+05  1.278055E+04  3.107773E+04  1.114896E+03
2.426771E-03  3.582026E+07  8.430500E+05  8.414888E+05  3.122408E+04  3.949846E+05  1.092843E+04  3.445601E+04  9.533284E+02
2.483298E-03  3.487368E+07  7.521536E+05  8.574245E+05  2.593633E+04  3.814166E+05  1.525666E+04  3.327243E+04  1.330897E+03
2.541141E-03  3.418125E+07  7.678331E+05  8.304525E+05  2.087313E+04  3.190607E+05  1.192750E+04  2.783289E+04  1.040482E+03
2.600332E-03  3.348623E+07  7.736671E+05  7.751241E+05  2.622600E+04  3.453090E+05  8.742001E+03  3.012263E+04  7.625981E+02
2.660901E-03  3.309989E+07  8.073143E+05  8.101620E+05  2.278136E+04  3.488395E+05  7.119174E+03  3.043060E+04  6.210327E+02
2.722882E-03  3.192901E+07  7.207578E+05  7.332806E+05  1.808852E+04  3.520304E+05  6.957122E+03  3.070895E+04  6.068963E+02
2.786306E-03  3.125117E+07  7.859365E+05  7.736987E+05  1.903652E+04  3.467367E+05  8.158510E+03  3.024716E+04  7.116980E+02
2.851207E-03  3.076305E+07  7.374840E+05  6.617424E+05  2.126080E+04  3.162544E+05  6.644000E+03  2.758808E+04  5.795815E+02
2.917620E-03  3.004072E+07  7.077112E+05  6.817402E+05  1.428408E+04  2.713975E+05  5.194211E+03  2.367504E+04  4.531109E+02
2.985580E-03  2.913991E+07  7.943903E+05  6.662219E+05  2.284189E+04  2.918686E+05  2.537988E+03  2.546082E+04  2.213984E+02
3.055124E-03  2.866758E+07  6.721387E+05  6.547772E+05  1.984173E+04  3.311089E+05  7.440649E+03  2.888389E+04  6.490763E+02
3.126287E-03  2.782113E+07  6.750171E+05  6.386607E+05  1.575444E+04  2.872155E+05  3.635640E+03  2.505491E+04  3.171507E+02
3.199107E-03  2.729561E+07  6.063586E+05  6.442560E+05  2.013300E+04  2.901521E+05  8.290059E+03  2.531107E+04  7.231735E+02
3.273624E-03  2.678886E+07  6.110736E+05  6.689404E+05  2.198939E+04  3.055368E+05  8.101354E+03  2.665314E+04  7.067121E+02
3.349876E-03  2.629783E+07  5.937709E+05  6.096048E+05  2.148885E+04  2.872720E+05  1.017893E+04  2.505983E+04  8.879469E+02
3.427905E-03  2.547375E+07  5.857812E+05  6.045705E+05  1.657871E+04  2.542070E+05  2.210495E+03  2.217544E+04  1.928299E+02
3.507751E-03  2.499866E+07  5.886486E+05  6.048499E+05  2.268187E+04  2.581413E+05  5.400446E+03  2.251865E+04  4.711015E+02
3.589457E-03  2.427446E+07  5.414732E+05  5.657498E+05  1.477705E+04  2.543763E+05  1.055503E+03  2.219022E+04  9.207558E+01
3.673066E-03  2.378689E+07  5.652495E+05  5.528717E+05  1.959807E+04  2.650896E+05  5.157386E+03  2.312478E+04  4.498984E+02
3.758623E-03  2.298638E+07  5.402868E+05  5.181109E+05  2.217595E+04  2.651034E+05  6.047987E+03  2.312598E+04  5.275890E+02
3.846173E-03  2.243557E+07  5.398090E+05  5.102575E+05  1.280569E+04  2.521736E+05  2.955159E+03  2.199806E+04  2.577898E+02
3.935762E-03  2.238212E+07  5.689146E+05  5.101941E+05  1.732735E+04  2.512465E+05  3.850522E+03  2.191720E+04  3.358957E+02
4.027437E-03  2.168262E+07  5.032843E+05  5.117508E+05  1.881437E+04  2.116616E+05  4.703592E+03  1.846405E+04  4.103122E+02
4.121248E-03  2.106587E+07  4.762000E+05  4.881509E+05  1.470888E+04  2.509702E+05  4.596525E+03  2.189309E+04  4.009724E+02
4.217245E-03  2.065643E+07  4.986003E+05  4.536814E+05  1.437406E+04  2.443591E+05  1.078055E+04  2.131638E+04  9.404284E+02
4.315477E-03  2.029158E+07  5.135887E+05  4.907625E+05  1.404687E+04  2.335292E+05  6.145506E+03  2.037165E+04  5.360959E+02
4.415997E-03  1.962721E+07  4.418418E+05  4.993242E+05  1.715891E+04  2.196340E+05  1.715891E+03  1.915951E+04  1.496837E+02
4.518859E-03  1.942945E+07  4.049550E+05  4.242385E+05  1.760674E+04  2.230187E+05  5.030496E+03  1.945477E+04  4.388294E+02
4.624117E-03  1.896179E+07  4.539096E+05  4.580062E+05  1.720596E+04  1.835302E+05  5.735320E+03  1.601004E+04  5.003138E+02
4.731826E-03  1.821950E+07  4.243610E+05  4.395739E+05  8.807492E+03  2.137819E+05  2.402043E+03  1.864901E+04  2.095394E+02
4.842045E-03  1.799256E+07  4.585189E+05  4.248733E+05  1.643156E+04  2.003086E+05  6.259643E+03  1.747368E+04  5.460526E+02
4.954830E-03  1.765947E+07  4.136727E+05  4.335535E+05  9.940379E+03  1.865733E+05  5.352512E+03  1.627550E+04  4.669200E+02
5.070243E-03  1.693916E+07  4.565631E+05  4.289152E+05  1.120859E+04  1.950294E+05  4.483435E+03  1.701316E+04  3.911071E+02
5.188344E-03  1.678506E+07  3.833707E+05  3.870218E+05  1.533483E+04  1.891295E+05  5.841839E+03  1.649849E+04  5.096059E+02
5.309196E-03  1.619247E+07  3.996204E+05  3.967659E+05  1.427216E+04  1.748339E+05  4.995255E+03  1.525143E+04  4.357551E+02
5.432863E-03  1.606797E+07  3.995896E+05  3.793661E+05  1.115783E+04  1.896830E+05  9.065733E+03  1.654678E+04  7.908385E+02
5.559411E-03  1.563747E+07  3.584638E+05  3.918568E+05  1.294831E+04  1.642391E+05  3.407451E+03  1.432721E+04  2.972449E+02
5.688906E-03  1.549730E+07  3.836031E+05  3.922608E+05  1.265357E+04  1.904696E+05  3.995865E+03  1.661539E+04  3.485746E+02
5.821418E-03  1.507880E+07  3.657597E+05  3.657597E+05  1.106391E+04  1.835307E+05  5.206544E+03  1.601008E+04  4.541867E+02
5.957016E-03  1.466179E+07  3.669741E+05  3.523460E+05  1.335608E+04  1.691770E+05  2.544015E+03  1.475795E+04  2.219241E+02
6.095773E-03  1.407695E+07  3.430826E+05  3.443256E+05  8.079843E+03  1.560031E+05  3.107632E+03  1.360875E+04  2.710906E+02
6.237762E-03  1.402923E+07  3.370952E+05  3.443838E+05  1.032544E+04  1.773546E+05  1.214758E+03  1.547132E+04  1.059679E+02
6.383058E-03  1.356447E+07  3.288284E+05  3.323897E+05  1.305817E+04  1.477947E+05  1.780659E+03  1.289270E+04  1.553337E+02
6.531738E-03  1.339259E+07  3.248236E+05  3.155430E+05  8.700633E+03  1.670522E+05  3.480253E+03  1.457260E+04  3.035958E+02
6.683882E-03  1.301292E+07  3.100608E+05  3.106277E+05  8.502582E+03  1.626827E+05  1.700516E+03  1.419144E+04  1.483425E+02
6.839570E-03  1.264636E+07  3.179593E+05  3.057727E+05  1.107872E+04  1.578718E+05  2.215744E+03  1.377176E+04  1.932878E+02
6.998884E-03  1.229841E+07  3.096390E+05  2.901512E+05  1.515715E+04  1.634807E+05  3.789288E+03  1.426105E+04  3.305541E+02
7.161909E-03  1.230888E+07  3.084098E+05  3.142288E+05  5.819053E+03  1.333092E+05  1.587014E+03  1.162907E+04  1.384413E+02
7.328731E-03  1.200905E+07  2.889824E+05  3.117288E+05  8.788374E+03  1.421649E+05  5.686595E+03  1.240158E+04  4.960634E+02
7.499439E-03  1.155989E+07  2.748264E+05  2.970550E+05  1.060911E+04  1.460015E+05  4.041565E+03  1.273627E+04  3.525612E+02
7.674123E-03  1.140783E+07  2.572156E+05  2.804193E+05  7.405440E+03  1.392223E+05  4.443264E+03  1.214489E+04  3.876029E+02
7.852877E-03  1.117807E+07  2.479835E+05  2.832029E+05  8.201788E+03  1.403953E+05  1.929832E+03  1.224722E+04  1.683466E+02
8.035794E-03  1.084112E+07  2.583689E+05  2.753420E+05  8.015092E+03  1.206979E+05  7.072140E+03  1.052893E+04  6.169298E+02
8.222971E-03  1.061324E+07  2.570951E+05  2.727604E+05  1.105785E+04  1.377624E+05  1.382232E+03  1.201754E+04  1.205773E+02
8.414509E-03  1.036219E+07  2.638501E+05  2.643003E+05  1.035589E+04  1.188676E+05  3.151793E+03  1.036928E+04  2.749429E+02
8.610508E-03  1.009332E+07  2.428839E+05  2.653242E+05  7.480119E+03  1.320021E+05  1.760028E+03  1.151505E+04  1.535340E+02
8.811073E-03  9.796920E+06  2.524049E+05  2.597147E+05  1.031979E+04  1.251274E+05  3.009939E+03  1.091534E+04  2.625684E+02
9.016309E-03  9.563830E+06  2.357341E+05  2.374149E+05  9.664679E+03  1.100933E+05  1.680814E+03  9.603859E+03  1.466238E+02
9.226326E-03  9.346952E+06  2.295469E+05  2.394022E+05  9.444684E+03  1.116937E+05  4.106384E+03  9.743464E+03  3.582156E+02
9.441234E-03  9.174720E+06  2.283347E+05  2.383670E+05  6.821950E+03  1.095525E+05  1.605165E+03  9.556682E+03  1.400246E+02
9.661149E-03  8.975289E+06  2.258822E+05  2.305881E+05  7.450977E+03  1.223529E+05  1.176470E+03  1.067331E+04  1.026280E+02
9.886186E-03  8.762173E+06  2.149921E+05  2.326207E+05  1.073044E+04  1.165019E+05  1.149690E+03  1.016291E+04  1.002919E+02
1.011646E-02  8.553733E+06  1.958670E+05  2.179629E+05  6.366614E+03  1.033639E+05  3.745067E+03  9.016823E+03  3.266965E+02
1.035211E-02  8.422707E+06  2.151974E+05  2.122695E+05  6.587674E+03  1.068667E+05  3.293837E+03  9.322391E+03  2.873340E+02
1.059324E-02  8.071471E+06  2.156636E+05  2.206707E+05  3.934162E+03  1.140907E+05  2.861209E+03  9.952568E+03  2.495942E+02
1.083999E-02  8.062496E+06  2.016673E+05  2.139001E+05  6.990200E+03  9.961035E+04  1.398040E+03  8.689391E+03  1.219564E+02
1.109248E-02  7.764551E+06  1.871717E+05  1.936612E+05  5.123313E+03  1.034909E+05  1.707771E+03  9.027908E+03  1.489754E+02
1.135086E-02  7.638543E+06  1.989326E+05  1.899205E+05  6.008030E+03  1.114823E+05  1.001338E+03  9.725030E+03  8.735057E+01
1.161526E-02  7.570677E+06  1.944043E+05  2.198465E+05  7.502179E+03  9.198324E+04  1.630909E+03  8.024049E+03  1.422704E+02
1.188581E-02  7.287102E+06  1.797789E+05  1.810539E+05  7.650166E+03  9.626458E+04  3.187569E+02  8.397527E+03  2.780638E+01
1.216267E-02  7.118112E+06  1.769326E+05  1.946882E+05  6.230022E+03  1.074679E+05  1.869007E+03  9.374834E+03  1.630406E+02
1.244597E-02  6.939646E+06  1.765581E+05  1.905610E+05  4.870568E+03  1.016731E+05  3.044105E+02  8.869333E+03  2.655489E+01
1.273587E-02  6.803694E+06  1.588550E+05  1.755139E+05  5.057181E+03  8.567460E+04  1.189925E+03  7.473722E+03  1.038017E+02
1.303253E-02  6.706383E+06  1.657046E+05  1.869264E+05  4.069936E+03  9.273641E+04  2.325678E+03  8.089751E+03  2.028778E+02
1.333610E-02  6.525886E+06  1.477280E+05  1.593758E+05  5.965940E+03  9.460276E+04  1.988647E+03  8.252560E+03  1.734772E+02
1.364674E-02  6.422592E+06  1.529717E+05  1.749042E+05  4.997262E+03  9.272697E+04  2.221005E+03  8.088927E+03  1.937468E+02
1.396461E-02  6.246281E+06  1.573576E+05  1.739072E+05  5.697429E+03  9.224408E+04  1.627837E+03  8.046803E+03  1.420024E+02
1.428989E-02  6.029597E+06  1.437007E+05  1.733953E+05  6.893391E+03  8.139505E+04  1.060522E+03  7.100401E+03  9.251336E+01
1.462274E-02  5.985102E+06  1.432797E+05  1.564936E+05  4.663716E+03  9.405161E+04  1.813667E+03  8.204481E+03  1.582131E+02
1.496335E-02  5.770627E+06  1.552101E+05  1.622997E+05  4.557557E+03  8.963195E+04  2.278778E+03  7.818937E+03  1.987865E+02
1.531189E-02  5.684304E+06  1.417798E+05  1.526669E+05  4.948682E+03  8.239556E+04  1.732039E+03  7.187680E+03  1.510924E+02
1.566855E-02  5.518402E+06  1.375852E+05  1.586220E+05  5.561442E+03  7.350776E+04  2.901622E+03  6.412362E+03  2.531196E+02
1.603352E-02  5.437684E+06  1.219296E+05  1.429601E+05  5.671146E+03  8.388570E+04  2.362978E+03  7.317670E+03  2.061316E+02
1.640699E-02  5.339770E+06  1.380895E+05  1.533302E+05  4.618379E+03  7.805061E+04  3.463784E+03  6.808653E+03  3.021591E+02
1.678915E-02  5.200169E+06  1.252427E+05  1.351719E+05  5.641565E+03  7.988456E+04  1.128313E+03  6.968635E+03  9.842705E+01
1.718022E-02  5.105616E+06  1.265819E+05  1.323155E+05  6.395251E+03  7.828669E+04  1.984733E+03  6.829247E+03  1.731358E+02
1.758040E-02  4.974743E+06  1.193904E+05  1.387859E+05  4.956641E+03  7.865973E+04  1.939555E+03  6.861789E+03  1.691948E+02
1.798990E-02  4.811802E+06  1.223589E+05  1.406812E+05  4.633213E+03  7.265721E+04  1.474204E+03  6.338165E+03  1.286005E+02
1.840894E-02  4.749196E+06  1.216318E+05  1.354208E+05  5.350975E+03  7.306139E+04  1.646454E+03  6.373424E+03  1.436265E+02
1.883774E-02  4.607504E+06  1.100137E+05  1.329416E+05  3.620196E+03  7.381178E+04  2.011220E+03  6.438883E+03  1.754464E+02
1.927653E-02  4.510683E+06  1.181229E+05  1.352222E+05  5.110142E+03  7.390051E+04  1.965439E+03  6.446624E+03  1.714528E+02
1.972553E-02  4.386879E+06  1.204279E+05  1.311838E+05  4.033471E+03  6.876107E+04  1.536560E+03  5.998291E+03  1.340400E+02
2.018500E-02  4.278575E+06  1.109295E+05  1.274469E+05  4.692449E+03  6.625739E+04  9.384899E+02  5.779885E+03  8.186806E+01
2.065517E-02  4.204662E+06  1.051028E+05  1.129901E+05  4.769062E+03  6.126410E+04  1.467404E+03  5.344301E+03  1.280072E+02
2.113629E-02  4.108414E+06  9.518184E+04  1.208146E+05  3.047253E+03  6.668107E+04  1.434001E+03  5.816844E+03  1.250934E+02
2.162862E-02  4.029609E+06  9.756966E+04  1.157873E+05  2.277209E+03  6.989281E+04  5.255098E+02  6.097016E+03  4.584223E+01
2.213241E-02  3.939596E+06  1.040790E+05  1.122958E+05  3.423652E+03  5.974272E+04  1.540643E+03  5.211586E+03  1.343962E+02
2.264794E-02  3.851426E+06  9.585488E+04  1.057248E+05  2.676576E+03  6.256496E+04  1.171002E+03  5.457781E+03  1.021510E+02
2.317548E-02  3.733513E+06  9.432687E+04  1.157425E+05  3.433040E+03  5.803473E+04  1.634781E+03  5.062591E+03  1.426082E+02
2.371531E-02  3.631594E+06  1.001676E+05  1.091140E+05  3.195138E+03  6.438203E+04  1.437812E+03  5.616290E+03  1.254258E+02
2.426771E-02  3.581870E+06  8.992534E+04  1.060057E+05  3.122408E+03  5.792066E+04  2.341806E+03  5.052640E+03  2.042846E+02
2.483298E-02  3.453346E+06  8.940405E+04  1.055761E+05  3.509033E+03  5.583939E+04  1.220533E+03  4.871083E+03  1.064718E+02
2.541141E-02  3.365644E+06  8.841263E+04  1.031729E+05  3.280064E+03  5.233193E+04  1.341844E+03  4.565114E+03  1.170542E+02
2.600332E-02  3.351829E+06  9.077111E+04  9.820181E+04  3.496800E+03  5.026651E+04  1.457000E+03  4.384939E+03  1.270997E+02
2.660901E-02  3.277668E+06  8.386387E+04  9.810222E+04  2.420519E+03  5.068852E+04  1.708602E+03  4.421753E+03  1.490479E+02
2.722882E-02  3.198885E+06  7.847633E+04  1.004608E+05  3.756846E+03  4.995213E+04  1.947994E+03  4.357515E+03  1.699310E+02
2.786306E-02  3.136675E+06  8.240095E+04  8.933568E+04  2.855478E+03  5.792542E+04  8.158510E+02  5.053056E+03  7.116980E+01
2.851207E-02  3.044015E+06  7.414704E+04  8.982687E+04  2.657600E+03  5.076016E+04  1.063040E+03  4.428002E+03  9.273303E+01
2.917620E-02  2.973946E+06  7.973114E+04  9.791088E+04  2.986671E+03  4.661804E+04  1.298553E+03  4.066670E+03  1.132777E+02
2.985580E-02  2.891784E+06  7.322096E+04  9.073308E+04  3.680083E+03  5.215566E+04  1.395893E+03  4.549737E+03  1.217691E+02
3.055124E-02  2.849645E+06  7.130622E+04  8.643554E+04  2.604227E+03  4.861224E+04  8.680758E+02  4.240632E+03  7.572556E+01
3.126287E-02  2.779689E+06  7.186448E+04  8.180190E+04  3.272076E+03  4.556669E+04  8.483160E+02  3.974956E+03  7.400184E+01
3.199107E-02  2.695690E+06  7.389996E+04  8.609819E+04  2.013300E+03  4.595061E+04  1.184294E+03  4.008447E+03  1.033105E+02
3.273624E-02  2.647407E+06  6.770418E+04  8.182368E+04  2.430406E+03  4.721932E+04  5.786682E+02  4.119122E+03  5.047943E+01
3.349876E-02  2.584656E+06  7.057391E+04  9.025317E+04  2.261984E+03  4.297770E+04  6.785953E+02  3.749109E+03  5.919646E+01
3.427905E-02  2.545164E+06  7.106742E+04  8.101465E+04  2.321020E+03  4.575725E+04  6.631486E+02  3.991580E+03  5.784898E+01
3.507751E-02  2.486365E+06  6.696553E+04  8.435496E+04  2.484205E+03  4.925206E+04  5.400446E+02  4.296446E+03  4.711015E+01
3.589457E-02  2.410347E+06  6.037479E+04  7.947940E+04  3.377611E+03  4.433114E+04  1.477705E+03  3.867174E+03  1.289058E+02
3.673066E-02  2.344238E+06  5.951623E+04  7.014044E+04  1.547216E+03  4.311574E+04  1.237773E+03  3.761151E+03  1.079756E+02
3.758623E-02  2.311742E+06  5.916947E+04  7.106385E+04  2.923194E+03  3.850552E+04  1.007998E+03  3.358983E+03  8.793150E+01
3.846173E-02  2.245231E+06  6.461948E+04  7.289392E+04  2.364127E+03  4.147073E+04  8.865477E+02  3.617650E+03  7.733694E+01
3.935762E-02  2.205194E+06  5.718025E+04  7.537396E+04  3.080417E+03  4.235574E+04  5.775783E+02  3.694853E+03  5.038436E+01
4.027437E-02  2.154433E+06  5.992376E+04  7.347010E+04  3.104370E+03  4.148568E+04  5.644310E+02  3.618954E+03  4.923747E+01
4.121248E-02  2.097670E+06  5.387127E+04  6.995911E+04  2.022471E+03  4.146065E+04  6.435135E+02  3.616771E+03  5.613614E+01
4.217245E-02  2.072201E+06  5.156696E+04  6.890567E+04  2.425623E+03  3.952868E+04  5.390274E+02  3.448237E+03  4.702142E+01
4.315477E-02  2.004927E+06  5.399266E+04  7.084890E+04  2.019238E+03  3.968241E+04  3.511718E+02  3.461648E+03  3.063405E+01
4.415997E-02  1.954743E+06  5.147672E+04  6.383113E+04  2.316452E+03  3.543314E+04  9.437398E+02  3.090968E+03  8.232603E+01
4.518859E-02  1.920224E+06  5.315558E+04  5.977907E+04  2.012199E+03  3.395585E+04  7.545745E+02  2.962099E+03  6.582441E+01
4.624117E-02  1.873893E+06  5.137208E+04  6.505491E+04  2.048328E+03  3.850858E+04  1.228997E+03  3.359250E+03  1.072101E+02
4.731826E-02  1.824832E+06  5.052298E+04  6.829810E+04  2.802384E+03  3.891310E+04  7.206130E+02  3.394539E+03  6.286182E+01
4.842045E-02  1.775939E+06  4.882522E+04  5.970135E+04  1.721402E+03  3.403681E+04  6.259643E+02  2.969161E+03  5.460526E+01
4.954830E-02  1.750654E+06  4.656685E+04  5.895409E+04  1.682218E+03  3.502072E+04  6.117156E+02  3.054991E+03  5.336229E+01
5.070243E-02  1.704378E+06  5.058809E+04  5.641655E+04  2.391165E+03  3.355104E+04  7.472391E+02  2.926785E+03  6.518452E+01
5.188344E-02  1.679018E+06  4.731890E+04  5.739607E+04  1.387437E+03  3.446685E+04  8.032529E+02  3.006675E+03  7.007081E+01
5.309196E-02  1.642654E+06  4.310191E+04  5.930081E+04  1.498576E+03  3.254052E+04  4.995255E+02  2.838633E+03  4.357551E+01
5.432863E-02  1.601915E+06  4.400368E+04  5.795096E+04  1.743410E+03  3.256690E+04  6.973641E+02  2.840935E+03  6.083373E+01
5.559411E-02  1.562657E+06  4.361537E+04  5.717703E+04  2.385216E+03  3.168929E+04  1.090384E+03  2.764378E+03  9.511838E+01
5.688906E-02  1.528152E+06  4.215638E+04  5.654149E+04  2.064530E+03  3.023538E+04  8.657708E+02  2.637548E+03  7.552449E+01
5.821418E-02  1.485622E+06  4.048088E+04  5.271626E+04  1.301636E+03  3.045829E+04  7.809817E+02  2.656992E+03  6.812801E+01
5.957016E-02  1.461218E+06  3.917782E+04  5.285190E+04  1.399208E+03  3.269059E+04  6.360036E+02  2.851725E+03  5.548102E+01
6.095773E-02  1.418075E+06  4.008845E+04  5.208391E+04  1.926732E+03  3.039264E+04  9.322896E+02  2.651266E+03  8.132718E+01
6.237762E-02  1.391140E+06  4.039069E+04  5.150572E+04  1.275495E+03  2.860754E+04  6.681166E+02  2.495545E+03  5.828236E+01
6.383058E-02  1.372710E+06  3.899644E+04  5.312300E+04  1.365172E+03  3.270478E+04  4.748425E+02  2.852963E+03  4.142232E+01
6.531738E-02  1.321568E+06  3.851480E+04  4.883955E+04  1.740127E+03  3.120627E+04  8.120591E+02  2.722242E+03  7.083901E+01
6.683882E-02  1.291996E+06  3.650442E+04  4.948503E+04  1.133678E+03  2.800184E+04  7.368905E+02  2.442707E+03  6.428177E+01
6.839570E-02  1.271560E+06  3.655978E+04  5.112829E+04  1.606414E+03  2.980176E+04  6.647232E+02  2.599721E+03  5.798634E+01
6.998884E-02  1.242616E+06  3.865074E+04  4.861115E+04  1.840511E+03  2.955645E+04  5.954596E+02  2.578322E+03  5.194421E+01
7.161909E-02  1.222107E+06  3.496722E+04  4.565311E+04  1.798616E+03  2.835466E+04  4.761043E+02  2.473485E+03  4.153240E+01
7.328731E-02  1.184259E+06  3.463653E+04  4.518258E+04  1.550889E+03  2.786431E+04  3.618742E+02  2.430711E+03  3.156767E+01
7.499439E-02  1.151593E+06  3.490902E+04  4.344683E+04  1.515587E+03  2.637121E+04  3.031174E+02  2.300462E+03  2.644209E+01
7.674123E-02  1.127602E+06  3.268267E+04  4.611120E+04  1.135501E+03  2.715328E+04  6.418048E+02  2.368684E+03  5.598708E+01
7.852877E-02  1.106855E+06  3.145627E+04  4.014051E+04  1.640358E+03  2.614923E+04  6.754413E+02  2.281097E+03  5.892133E+01
8.035794E-02  1.074541E+06  3.187178E+04  4.064123E+04  9.900996E+02  2.805282E+04  3.771808E+02  2.447155E+03  3.290292E+01
8.222971E-02  1.042894E+06  2.953368E+04  4.174340E+04  1.336157E+03  2.405083E+04  6.450415E+02  2.098046E+03  5.626943E+01
8.414509E-02  1.022712E+06  3.052736E+04  4.106336E+04  1.125640E+03  2.588973E+04  4.502561E+02  2.258460E+03  3.927756E+01
8.610508E-02  1.003040E+06  3.198851E+04  3.766460E+04  1.408022E+03  2.446439E+04  6.160098E+02  2.134122E+03  5.373689E+01
8.811073E-02  9.787030E+05  2.949740E+04  4.209614E+04  9.889798E+02  2.455250E+04  4.299912E+02  2.141808E+03  3.750978E+01
9.016309E-02  9.624339E+05  3.000253E+04  3.937306E+04  1.302631E+03  2.533827E+04  6.303051E+02  2.210354E+03  5.498392E+01
9.226326E-02  9.430312E+05  2.907320E+04  3.880533E+04  1.272979E+03  2.435086E+04  5.748938E+02  2.124218E+03  5.015018E+01
9.441234E-02  9.170707E+05  2.885283E+04  4.045015E+04  1.163744E+03  2.307424E+04  4.815494E+02  2.012854E+03  4.200739E+01
9.661149E-02  8.925093E+05  2.827450E+04  3.615684E+04  1.294117E+03  2.341175E+04  6.274507E+02  2.042297E+03  5.473492E+01
9.886186E-02  8.776352E+05  2.498660E+04  3.813139E+04  1.456274E+03  2.349200E+04  3.449071E+02  2.049297E+03  3.008756E+01
1.011646E-01  8.587813E+05  2.610312E+04  3.617735E+04  1.160971E+03  2.044807E+04  4.494080E+02  1.783763E+03  3.920358E+01
1.035211E-01  8.396357E+05  2.561873E+04  3.641520E+04  1.573722E+03  2.217850E+04  3.293837E+02  1.934715E+03  2.873340E+01
1.059324E-01  8.122257E+05  2.360497E+04  3.569358E+04  1.251779E+03  2.120871E+04  5.007116E+02  1.850117E+03  4.367898E+01
1.083999E-01  8.013565E+05  2.464045E+04  3.435683E+04  1.223285E+03  2.194923E+04  8.038730E+02  1.914715E+03  7.012491E+01
1.109248E-01  7.740301E+05  2.493345E+04  3.521424E+04  1.332061E+03  2.196193E+04  6.489529E+02  1.915823E+03  5.661064E+01
1.135086E-01  7.652561E+05  2.253011E+04  3.397875E+04  1.568763E+03  2.189593E+04  4.005353E+02  1.910066E+03  3.494023E+01
1.161526E-01  7.472823E+05  2.345246E+04  3.235722E+04  1.141636E+03  2.002756E+04  5.871271E+02  1.747080E+03  5.121734E+01
1.188581E-01  7.340334E+05  2.387489E+04  3.254508E+04  9.562707E+02  1.896604E+04  4.462597E+02  1.654480E+03  3.892893E+01
1.216267E-01  7.106275E+05  2.255268E+04  3.301912E+04  8.410530E+02  2.024757E+04  3.426512E+02  1.766273E+03  2.989077E+01
1.244597E-01  6.993831E+05  2.200888E+04  3.126296E+04  1.065437E+03  1.878213E+04  3.044105E+02  1.638437E+03  2.655489E+01
1.273587E-01  6.824517E+05  2.144840E+04  3.081906E+04  1.368414E+03  1.820585E+04  3.867256E+02  1.588166E+03  3.373555E+01
1.303253E-01  6.654637E+05  2.107646E+04  3.104780E+04  9.012002E+02  1.968105E+04  2.616388E+02  1.716853E+03  2.282375E+01
1.333610E-01  6.526738E+05  2.122170E+04  3.017061E+04  9.375049E+02  1.767055E+04  3.409109E+02  1.541469E+03  2.973896E+01
1.364674E-01  6.403991E+05  2.123836E+04  3.003910E+04  8.884021E+02  1.765699E+04  6.107764E+02  1.540287E+03  5.328036E+01
1.396461E-01  6.194733E+05  1.918134E+04  2.978941E+04  7.053959E+02  1.728220E+04  3.255673E+02  1.507592E+03  2.840048E+01
1.428989E-01  6.079706E+05  1.800236E+04  2.876665E+04  8.749305E+02  1.779025E+04  4.507218E+02  1.551912E+03  3.931818E+01
1.462274E-01  5.979920E+05  1.963943E+04  2.798230E+04  8.809241E+02  1.785167E+04  3.368239E+02  1.557269E+03  2.938244E+01
1.496335E-01  5.836964E+05  1.792639E+04  2.863665E+04  1.114069E+03  1.668572E+04  1.265988E+02  1.455559E+03  1.104370E+01
1.531189E-01  5.688263E+05  1.875551E+04  2.711878E+04  6.680721E+02  1.712244E+04  3.958946E+02  1.493656E+03  3.453540E+01
1.566855E-01  5.568454E+05  1.873964E+04  2.650148E+04  9.430272E+02  1.682941E+04  5.077839E+02  1.468093E+03  4.429592E+01
1.603352E-01  5.375065E+05  1.767507E+04  2.757595E+04  9.924506E+02  1.651721E+04  3.308169E+02  1.440860E+03  2.885842E+01
1.640699E-01  5.314369E+05  1.824260E+04  2.588602E+04  8.544002E+02  1.579486E+04  3.463784E+02  1.377846E+03  3.021591E+01
1.678915E-01  5.178280E+05  1.721806E+04  2.525165E+04  1.038048E+03  1.629284E+04  5.190240E+02  1.421287E+03  4.527644E+01
1.718022E-01  5.033504E+05  1.766412E+04  2.533843E+04  8.821036E+02  1.523834E+04  3.969466E+02  1.329299E+03  3.462717E+01
1.758040E-01  4.928625E+05  1.668017E+04  2.411513E+04  7.542714E+02  1.495612E+04  2.586073E+02  1.304680E+03  2.255931E+01
1.798990E-01  4.863821E+05  1.630049E+04  2.563009E+04  7.160420E+02  1.518430E+04  5.686216E+02  1.324585E+03  4.960303E+01
1.840894E-01  4.723265E+05  1.681441E+04  2.477913E+04  6.380009E+02  1.438589E+04  2.469681E+02  1.254936E+03  2.154397E+01
1.883774E-01  4.626812E+05  1.619032E+04  2.345083E+04  9.653856E+02  1.484280E+04  3.620196E+02  1.294794E+03  3.158035E+01
1.927653E-01  4.519527E+05  1.568420E+04  2.340838E+04  7.075581E+02  1.430840E+04  3.144703E+02  1.248176E+03  2.743244E+01
1.972553E-01  4.365175E+05  1.477019E+04  2.295237E+04  7.682801E+02  1.548084E+04  3.265190E+02  1.350453E+03  2.848350E+01
2.018500E-01  4.236531E+05  1.477183E+04  2.316193E+04  7.883315E+02  1.347671E+04  2.252376E+02  1.175625E+03  1.964833E+01
2.065517E-01  4.229057E+05  1.483912E+04  2.179094E+04  6.970167E+02  1.406873E+04  3.851934E+02  1.227269E+03  3.360189E+01
2.113629E-01  4.109310E+05  1.423246E+04  2.111567E+04  6.094506E+02  1.516457E+04  3.585004E+02  1.322863E+03  3.127335E+01
2.162862E-01  3.998429E+05  1.511717E+04  2.098536E+04  6.306118E+02  1.364574E+04  2.277209E+02  1.190370E+03  1.986497E+01
2.213241E-01  3.931551E+05  1.429375E+04  2.126088E+04  7.360851E+02  1.292429E+04  4.279565E+02  1.127435E+03  3.733228E+01
2.264794E-01  3.784511E+05  1.365054E+04  2.025833E+04  7.026012E+02  1.254645E+04  3.011148E+02  1.094475E+03  2.626739E+01
2.317548E-01  3.723868E+05  1.371581E+04  2.056555E+04  6.866080E+02  1.286573E+04  2.452172E+02  1.122326E+03  2.139123E+01
2.371531E-01  3.647250E+05  1.429824E+04  1.921875E+04  6.709789E+02  1.268470E+04  2.236596E+02  1.106535E+03  1.951068E+01
2.426771E-01  3.571878E+05  1.286432E+04  2.017075E+04  6.088695E+02  1.241157E+04  4.059130E+02  1.082709E+03  3.540934E+01
2.483298E-01  3.521543E+05  1.312073E+04  1.952853E+04  6.255232E+02  1.249521E+04  2.135933E+02  1.090005E+03  1.863256E+01
2.541141E-01  3.415590E+05  1.241951E+04  1.941201E+04  8.200159E+02  1.127149E+04  2.832782E+02  9.832552E+02  2.471144E+01
2.600332E-01  3.344252E+05  1.187455E+04  1.813965E+04  5.099501E+02  1.180170E+04  1.748400E+02  1.029507E+03  1.525196E+01
2.660901E-01  3.279661E+05  1.204564E+04  1.880886E+04  5.410572E+02  1.198869E+04  2.420519E+02  1.045819E+03  2.111511E+01
2.722882E-01  3.184970E+05  1.191059E+04  1.817200E+04  6.122267E+02  1.102008E+04  3.200276E+02  9.613237E+02  2.791723E+01
2.786306E-01  3.123486E+05  1.181624E+04  1.824787E+04  7.070709E+02  1.181624E+04  3.807305E+02  1.030776E+03  3.321257E+01
2.851207E-01  3.051456E+05  1.146754E+04  1.769962E+04  6.909760E+02  1.089616E+04  2.391840E+02  9.505136E+02  2.086493E+01
2.917620E-01  3.002773E+05  1.114158E+04  1.712791E+04  6.882330E+02  1.102471E+04  2.077684E+02  9.617278E+02  1.812443E+01
2.985580E-01  2.892672E+05  1.090066E+04  1.743598E+04  5.075976E+02  1.055803E+04  2.537988E+02  9.210173E+02  2.213984E+01
3.055124E-01  2.854481E+05  1.031770E+04  1.715070E+04  4.836422E+02  1.088815E+04  1.736152E+02  9.498149E+02  1.514511E+01
3.126287E-01  2.750240E+05  1.088268E+04  1.632402E+04  6.180588E+02  1.051912E+04  2.423760E+02  9.176228E+02  2.114338E+01
3.199107E-01  2.714047E+05  1.051653E+04  1.693541E+04  4.500318E+02  1.010203E+04  9.474353E+01  8.812386E+02  8.264840E+00
3.273624E-01  2.654698E+05  1.021928E+04  1.624900E+04  3.819210E+02  9.802639E+03  2.546140E+02  8.551216E+02  2.221095E+01
3.349876E-01  2.583186E+05  1.023548E+04  1.626367E+04  4.523969E+02  1.035989E+04  2.375084E+02  9.037326E+02  2.071876E+01
3.427905E-01  2.566496E+05  1.006881E+04  1.603714E+04  5.526238E+02  9.726179E+03  2.099971E+02  8.484517E+02  1.831884E+01
3.507751E-01  2.500082E+05  9.688399E+03  1.461361E+04  4.104339E+02  9.861214E+03  2.052169E+02  8.602313E+02  1.790186E+01
3.589457E-01  2.422486E+05  9.172324E+03  1.500926E+04  3.905362E+02  9.520640E+03  1.583255E+02  8.305218E+02  1.381134E+01
3.673066E-01  2.355687E+05  9.871236E+03  1.498736E+04  5.260533E+02  9.427701E+03  1.650363E+02  8.224143E+02  1.439675E+01
3.758623E-01  2.312145E+05  9.213100E+03  1.502925E+04  4.838390E+02  8.900621E+03  1.814396E+02  7.764351E+02  1.582767E+01
3.846173E-01  2.253998E+05  9.013235E+03  1.487430E+04  4.531244E+02  9.003384E+03  1.674590E+02  7.853996E+02  1.460809E+01
3.935762E-01  2.194701E+05  9.751446E+03  1.475712E+04  5.101941E+02  8.731058E+03  1.443946E+02  7.616435E+02  1.259609E+01
4.027437E-01  2.150576E+05  8.504093E+03  1.409196E+04  5.268023E+02  8.692237E+03  3.198442E+02  7.582570E+02  2.790123E+01
4.121248E-01  2.105116E+05  8.475992E+03  1.338508E+04  5.056177E+02  8.273744E+03  2.206332E+02  7.217503E+02  1.924668E+01
4.217245E-01  2.090258E+05  8.597487E+03  1.351162E+04  4.761409E+02  8.642406E+03  1.796758E+02  7.539101E+02  1.567381E+01
4.315477E-01  1.990793E+05  7.892585E+03  1.345866E+04  4.038475E+02  8.463239E+03  1.492480E+02  7.382807E+02  1.301947E+01
4.415997E-01  1.948308E+05  7.652872E+03  1.326383E+04  3.517576E+02  8.279172E+03  1.887480E+02  7.222238E+02  1.646521E+01
4.518859E-01  1.924584E+05  7.931416E+03  1.292838E+04  4.778972E+02  8.317087E+03  1.341466E+02  7.255313E+02  1.170212E+01
4.624117E-01  1.903553E+05  7.873775E+03  1.269964E+04  4.424390E+02  8.111381E+03  2.621860E+02  7.075867E+02  2.287149E+01
4.731826E-01  1.818907E+05  7.662518E+03  1.281090E+04  4.163542E+02  7.990798E+03  2.402043E+02  6.970678E+02  2.095394E+01
4.842045E-01  1.807315E+05  7.628940E+03  1.272272E+04  4.068768E+02  7.785431E+03  1.251929E+02  6.791529E+02  1.092105E+01
4.954830E-01  1.756465E+05  7.860546E+03  1.163789E+04  4.358474E+02  7.524102E+03  2.217469E+02  6.563562E+02  1.934383E+01
5.070243E-01  1.718650E+05  7.300526E+03  1.183627E+04  3.362576E+02  7.345360E+03  1.643926E+02  6.407638E+02  1.434059E+01
5.188344E-01  1.698223E+05  6.995602E+03  1.148652E+04  5.257655E+02  7.148950E+03  2.044644E+02  6.236302E+02  1.783621E+01
5.309196E-01  1.627739E+05  6.879179E+03  1.164608E+04  4.995255E+02  6.836363E+03  1.926741E+02  5.963620E+02  1.680770E+01
5.432863E-01  1.595290E+05  7.406007E+03  1.149256E+04  4.463130E+02  6.659827E+03  1.255255E+02  5.809622E+02  1.095007E+01
5.559411E-01  1.544802E+05  6.842161E+03  1.138089E+04  4.088941E+02  7.237426E+03  1.703725E+02  6.313483E+02  1.486225E+01
5.688906E-01  1.524423E+05  7.105981E+03  1.113514E+04  3.396486E+02  6.799631E+03  1.065564E+02  5.931578E+02  9.295322E+00
5.821418E-01  1.511265E+05  6.814065E+03  1.066040E+04  3.058845E+02  6.579771E+03  1.757209E+02  5.739785E+02  1.532880E+01
5.957016E-01  1.455113E+05  6.747999E+03  1.034142E+04  3.625221E+02  6.328236E+03  1.526409E+02  5.520362E+02  1.331545E+01
6.095773E-01  1.426652E+05  6.445229E+03  1.005630E+04  3.915616E+02  6.470090E+03  1.367358E+02  5.644107E+02  1.192799E+01
6.237762E-01  1.384034E+05  6.243854E+03  1.034973E+04  3.583535E+02  6.085935E+03  1.639923E+02  5.308994E+02  1.430567E+01
6.383058E-01  1.367903E+05  6.297599E+03  1.029815E+04  2.967766E+02  6.220437E+03  1.068396E+02  5.426324E+02  9.320023E+00
6.531738E-01  1.338563E+05  6.450069E+03  9.785312E+03  3.132228E+02  6.444269E+03  1.160084E+02  5.621582E+02  1.011986E+01
6.683882E-01  1.307981E+05  5.946139E+03  9.653265E+03  3.514401E+02  5.883787E+03  1.587149E+02  5.132652E+02  1.384530E+01
6.839570E-01  1.273831E+05  5.783092E+03  9.378137E+03  3.212829E+02  5.943733E+03  1.218659E+02  5.184945E+02  1.063083E+01
6.998884E-01  1.237527E+05  6.187366E+03  9.992894E+03  3.302094E+02  5.867983E+03  1.190919E+02  5.118866E+02  1.038884E+01
7.161909E-01  1.228508E+05  5.644481E+03  9.670207E+03  3.279830E+02  6.030654E+03  1.163811E+02  5.260770E+02  1.015236E+01
7.328731E-01  1.181985E+05  5.753800E+03  9.429408E+03  3.205172E+02  5.686595E+03  1.240712E+02  4.960634E+02  1.082320E+01
7.499439E-01  1.154827E+05  5.536944E+03  9.048054E+03  2.728056E+02  5.870373E+03  1.616626E+02  5.120951E+02  1.410245E+01
7.674123E-01  1.122862E+05  5.736747E+03  8.432327E+03  3.110285E+02  5.450404E+03  1.382349E+02  4.754595E+02  1.205876E+01
7.852877E-01  1.107531E+05  5.567566E+03  8.935124E+03  2.798257E+02  5.475899E+03  9.166704E+01  4.776836E+02  7.996466E+00
8.035794E-01  1.080576E+05  5.478551E+03  8.632726E+03  2.545970E+02  5.219239E+03  1.272985E+02  4.552942E+02  1.110474E+01
8.222971E-01  1.050220E+05  5.022109E+03  8.712667E+03  2.441943E+02  5.132687E+03  9.214878E+01  4.477439E+02  8.038490E+00
8.414509E-01  1.025278E+05  5.295012E+03  8.365758E+03  2.476408E+02  5.263494E+03  1.170666E+02  4.591546E+02  1.021216E+01
8.610508E-01  1.008012E+05  5.055681E+03  8.052128E+03  2.376038E+02  5.051280E+03  8.360133E+01  4.406425E+02  7.292863E+00
8.811073E-01  9.856259E+04  4.824502E+03  8.453628E+03  2.708945E+02  4.867501E+03  1.074978E+02  4.246107E+02  9.377444E+00
9.016309E-01  9.658376E+04  4.975209E+03  7.593076E+03  2.689302E+02  4.588621E+03  6.723255E+01  4.002830E+02  5.864952E+00
9.226326E-01  9.438524E+04  4.607363E+03  7.510577E+03  2.381703E+02  4.788044E+03  9.855322E+01  4.176794E+02  8.597174E+00
9.441234E-01  9.229697E+04  4.735236E+03  7.700777E+03  2.407747E+02  4.434267E+03  6.420659E+01  3.868181E+02  5.600986E+00
9.661149E-01  8.960388E+04  4.674507E+03  7.380388E+03  2.705881E+02  4.564704E+03  1.372548E+02  3.981965E+02  1.197326E+01
9.886186E-01  8.879824E+04  4.679239E+03  7.204726E+03  2.605965E+02  4.399481E+03  1.532920E+02  3.837836E+02  1.337225E+01
1.011646E+00  8.596801E+04  4.452885E+03  7.212999E+03  2.471744E+02  4.220691E+03  8.613654E+01  3.681869E+02  7.514019E+00
1.035211E+00  8.407336E+04  4.545495E+03  7.184224E+03  2.488677E+02  4.373484E+03  9.881511E+01  3.815157E+02  8.620019E+00
1.059324E+00  8.307163E+04  4.302543E+03  6.791795E+03  2.002846E+02  4.116564E+03  7.510674E+01  3.591036E+02  6.551847E+00
1.083999E+00  8.023701E+04  4.225576E+03  7.018161E+03  2.621325E+02  4.278002E+03  1.013579E+02  3.731865E+02  8.841836E+00
1.109248E+00  7.775822E+04  4.211363E+03  6.424634E+03  2.083480E+02  3.890302E+03  6.147975E+01  3.393659E+02  5.363113E+00
1.135086E+00  7.587808E+04  3.901882E+03  6.698954E+03  1.935921E+02  4.198945E+03  9.679604E+01  3.662900E+02  8.443888E+00
1.161526E+00  7.389973E+04  4.126199E+03  6.566038E+03  2.348508E+02  3.894610E+03  9.459269E+01  3.397417E+02  8.251682E+00
1.188581E+00  7.266701E+04  4.239467E+03  6.633331E+03  2.040044E+02  3.742206E+03  8.925193E+01  3.264469E+02  7.785787E+00
1.216267E+00  7.161722E+04  4.027709E+03  6.155262E+03  1.931307E+02  3.843924E+03  8.722031E+01  3.353201E+02  7.608561E+00
1.244597E+00  6.988351E+04  4.060836E+03  5.811196E+03  2.252638E+02  3.729028E+03  1.095878E+02  3.252974E+02  9.559760E+00
1.273587E+00  6.840581E+04  3.772062E+03  6.009121E+03  2.171613E+02  3.569775E+03  7.437031E+01  3.114051E+02  6.487606E+00
1.303253E+00  6.617135E+04  3.735620E+03  6.035134E+03  1.947755E+02  3.491424E+03  6.977034E+01  3.045703E+02  6.086333E+00
1.333610E+00  6.531000E+04  3.678996E+03  5.991508E+03  2.045465E+02  3.531268E+03  8.238679E+01  3.080460E+02  7.186914E+00
1.364674E+00  6.373730E+04  3.609134E+03  5.749627E+03  2.082192E+02  3.387033E+03  8.884021E+01  2.954638E+02  7.749871E+00
1.396461E+00  6.180353E+04  3.385900E+03  5.792386E+03  2.116188E+02  3.638215E+03  5.968735E+01  3.173754E+02  5.206755E+00
1.428989E+00  6.021908E+04  3.483814E+03  5.684397E+03  1.643809E+02  3.446696E+03  8.484174E+01  3.006684E+02  7.401069E+00
1.462274E+00  5.941315E+04  3.565152E+03  5.674188E+03  2.020944E+02  3.254237E+03  5.181907E+01  2.838796E+02  4.520375E+00
1.496335E+00  5.840003E+04  3.405508E+03  5.286766E+03  1.848343E+02  3.344740E+03  4.557557E+01  2.917745E+02  3.975731E+00
1.531189E+00  5.677129E+04  3.271079E+03  5.391590E+03  1.831013E+02  3.179529E+03  7.175590E+01  2.773624E+02  6.259541E+00
1.566855E+00  5.463512E+04  3.281251E+03  5.377673E+03  2.224577E+02  3.150678E+03  1.039748E+02  2.748457E+02  9.070118E+00
1.603352E+00  5.413818E+04  3.161664E+03  5.047320E+03  1.961271E+02  2.970263E+03  4.253360E+01  2.591074E+02  3.710368E+00
1.640699E+00  5.293355E+04  3.186682E+03  5.034033E+03  1.616433E+02  3.006565E+03  6.234812E+01  2.622741E+02  5.438864E+00
1.678915E+00  5.141271E+04  3.055472E+03  4.829180E+03  1.511939E+02  3.078038E+03  9.477829E+01  2.685090E+02  8.267872E+00
1.718022E+00  5.047617E+04  3.118236E+03  4.763359E+03  1.543681E+02  2.789653E+03  6.174725E+01  2.433520E+02  5.386448E+00
1.758040E+00  4.930133E+04  2.967519E+03  4.719584E+03  1.400790E+02  2.788649E+03  5.603159E+01  2.432645E+02  4.887849E+00
1.798990E+00  4.858345E+04  2.826260E+03  4.588987E+03  1.600565E+02  2.607235E+03  4.422613E+01  2.274391E+02  3.858014E+00
1.840894E+00  4.750637E+04  2.759868E+03  4.577142E+03  1.584712E+02  2.844249E+03  6.585816E+01  2.481147E+02  5.745058E+00
1.883774E+00  4.582364E+04  2.835820E+03  4.338202E+03  1.528527E+02  2.640732E+03  5.631416E+01  2.303611E+02  4.912499E+00
1.927653E+00  4.504000E+04  2.950124E+03  4.404549E+03  1.690278E+02  2.667101E+03  5.503230E+01  2.326614E+02  4.800677E+00
1.972553E+00  4.455256E+04  2.665932E+03  4.338862E+03  1.306076E+02  2.516117E+03  4.801751E+01  2.194905E+02  4.188750E+00
2.018500E+00  4.319306E+04  2.727252E+03  4.176280E+03  1.407735E+02  2.550816E+03  4.504751E+01  2.225174E+02  3.929667E+00
2.065517E+00  4.211632E+04  2.639492E+03  4.053702E+03  1.265636E+02  2.357017E+03  7.153593E+01  2.056116E+02  6.240352E+00
2.113629E+00  4.077404E+04  2.656488E+03  4.119169E+03  1.684952E+02  2.382235E+03  4.839755E+01  2.078114E+02  4.221903E+00
2.162862E+00  4.011742E+04  2.497923E+03  3.974606E+03  1.278741E+02  2.301733E+03  6.481288E+01  2.007890E+02  5.653875E+00
2.213241E+00  3.906900E+04  2.410251E+03  3.865303E+03  1.506407E+02  2.254475E+03  5.820208E+01  1.966664E+02  5.077190E+00
2.264794E+00  3.821147E+04  2.425647E+03  3.849251E+03  1.254645E+02  2.196465E+03  6.022296E+01  1.916060E+02  5.253479E+00
2.317548E+00  3.738581E+04  2.260902E+03  3.872796E+03  1.275129E+02  2.175894E+03  4.086953E+01  1.898115E+02  3.565205E+00
2.371531E+00  3.618653E+04  2.322865E+03  3.712750E+03  1.421836E+02  2.083230E+03  6.550032E+01  1.817281E+02  5.713843E+00
2.426771E+00  3.551270E+04  2.344928E+03  3.590769E+03  1.264575E+02  2.188808E+03  3.903009E+01  1.909381E+02  3.404744E+00
2.483298E+00  3.483249E+04  2.286974E+03  3.551751E+03  1.037453E+02  2.175600E+03  4.729566E+01  1.897859E+02  4.125781E+00
2.541141E+00  3.377720E+04  2.288590E+03  3.622979E+03  1.103294E+02  2.011275E+03  4.621908E+01  1.754512E+02  4.031867E+00
2.600332E+00  3.338279E+04  2.168016E+03  3.472031E+03  9.470501E+01  2.066026E+03  4.371000E+01  1.802274E+02  3.812991E+00
2.660901E+00  3.253320E+04  2.221182E+03  3.267701E+03  1.167545E+02  1.789760E+03  4.129121E+01  1.561276E+02  3.601990E+00
2.722882E+00  3.205007E+04  2.017565E+03  3.210016E+03  1.001826E+02  1.883989E+03  4.452558E+01  1.643475E+02  3.884136E+00
2.786306E+00  3.127021E+04  2.045066E+03  3.176380E+03  1.006216E+02  1.832945E+03  5.167056E+01  1.598948E+02  4.507420E+00
2.851207E+00  3.048931E+04  1.985227E+03  3.170517E+03  1.156056E+02  1.773948E+03  4.650800E+01  1.547482E+02  4.057070E+00
2.917620E+00  2.946416E+04  2.001070E+03  3.051599E+03  1.051828E+02  1.879006E+03  3.116527E+01  1.639129E+02  2.718665E+00
2.985580E+00  2.884043E+04  1.930140E+03  3.020206E+03  9.517456E+01  1.732177E+03  3.680083E+01  1.511044E+02  3.210277E+00
3.055124E+00  2.817898E+04  1.853962E+03  3.081669E+03  8.928779E+01  1.660505E+03  4.464390E+01  1.448522E+02  3.894458E+00
3.126287E+00  2.757027E+04  1.926889E+03  2.952140E+03  9.331476E+01  1.729353E+03  3.393264E+01  1.508580E+02  2.960074E+00
3.199107E+00  2.664425E+04  1.893686E+03  2.772433E+03  8.763777E+01  1.691172E+03  4.618747E+01  1.475274E+02  4.029110E+00
3.273624E+00  2.618358E+04  1.834378E+03  2.896813E+03  9.721625E+01  1.612170E+03  3.240542E+01  1.406357E+02  2.826848E+00
3.349876E+00  2.594157E+04  1.834469E+03  2.712119E+03  9.500334E+01  1.608271E+03  3.958473E+01  1.402956E+02  3.453127E+00
3.427905E+00  2.534775E+04  1.665608E+03  2.658121E+03  8.731456E+01  1.527452E+03  3.205218E+01  1.332455E+02  2.796034E+00
3.507751E+00  2.458067E+04  1.688179E+03  2.517688E+03  9.180758E+01  1.499164E+03  2.484205E+01  1.307778E+02  2.167067E+00
3.589457E+00  2.401059E+04  1.675084E+03  2.538485E+03  7.705174E+01  1.509370E+03  3.166510E+01  1.316681E+02  2.762267E+00
3.673066E+00  2.364249E+04  1.714315E+03  2.542591E+03  7.942374E+01  1.437879E+03  2.681840E+01  1.254317E+02  2.339472E+00
3.758623E+00  2.304787E+04  1.640012E+03  2.459515E+03  8.870381E+01  1.410189E+03  3.830392E+01  1.230162E+02  3.341397E+00
3.846173E+00  2.253112E+04  1.601696E+03  2.450812E+03  6.993876E+01  1.384985E+03  3.250675E+01  1.208175E+02  2.835688E+00
3.935762E+00  2.205579E+04  1.562349E+03  2.361332E+03  8.086096E+01  1.338056E+03  3.176680E+01  1.167238E+02  2.771140E+00
4.027437E+00  2.142956E+04  1.575703E+03  2.305701E+03  6.114669E+01  1.328294E+03  1.881437E+01  1.158722E+02  1.641249E+00
4.121248E+00  2.127180E+04  1.508579E+03  2.236669E+03  6.710926E+01  1.313687E+03  1.287027E+01  1.145979E+02  1.122723E+00
4.217245E+00  2.061151E+04  1.476935E+03  2.277391E+03  7.187032E+01  1.257731E+03  2.245948E+01  1.097166E+02  1.959226E+00
4.315477E+00  1.997992E+04  1.468776E+03  2.135124E+03  7.813572E+01  1.231735E+03  2.282616E+01  1.074489E+02  1.991213E+00
4.415997E+00  1.968899E+04  1.434485E+03  2.067648E+03  4.632905E+01  1.201123E+03  3.002809E+01  1.047786E+02  2.619465E+00
4.518859E+00  1.913517E+04  1.401832E+03  2.111132E+03  7.126537E+01  1.211511E+03  2.934456E+01  1.056847E+02  2.559838E+00
4.624117E+00  1.877662E+04  1.383031E+03  2.049967E+03  5.325654E+01  1.148703E+03  2.621860E+01  1.002057E+02  2.287149E+00
4.731826E+00  1.833480E+04  1.346746E+03  2.011311E+03  7.686539E+01  1.164190E+03  2.001703E+01  1.015568E+02  1.746162E+00
4.842045E+00  1.780947E+04  1.341129E+03  1.960833E+03  5.946661E+01  1.093090E+03  1.956139E+01  9.535443E+01  1.706414E+00
4.954830E+00  1.763270E+04  1.234136E+03  1.984253E+03  5.734834E+01  1.093442E+03  2.523327E+01  9.538509E+01  2.201194E+00
5.070243E+00  1.707142E+04  1.309163E+03  1.935349E+03  6.127361E+01  1.052113E+03  1.942822E+01  9.177980E+01  1.694798E+00
5.188344E+00  1.666969E+04  1.209991E+03  1.844561E+03  4.527425E+01  1.004796E+03  1.606506E+01  8.765222E+01  1.401416E+00
5.309196E+00  1.631236E+04  1.240250E+03  1.820414E+03  6.065666E+01  9.840652E+02  3.211235E+01  8.584376E+01  2.801283E+00
5.432863E+00  1.565931E+04  1.186914E+03  1.792923E+03  4.811812E+01  1.009086E+03  2.649984E+01  8.802641E+01  2.311682E+00
5.559411E+00  1.563066E+04  1.153081E+03  1.750067E+03  6.065263E+01  9.465898E+02  2.180769E+01  8.257465E+01  1.902368E+00
5.688906E+00  1.512169E+04  1.175450E+03  1.654954E+03  4.528647E+01  9.636695E+02  2.530715E+01  8.406457E+01  2.207639E+00
5.821418E+00  1.472281E+04  1.122010E+03  1.719461E+03  5.336708E+01  9.235108E+02  2.082618E+01  8.056137E+01  1.816747E+00
5.957016E+00  1.421723E+04  1.073574E+03  1.625625E+03  5.342431E+01  9.374694E+02  1.653609E+01  8.177903E+01  1.442507E+00
6.095773E+00  1.408565E+04  1.093887E+03  1.647667E+03  4.599296E+01  8.763523E+02  1.180900E+01  7.644755E+01  1.030144E+00
6.237762E+00  1.376988E+04  1.043477E+03  1.584044E+03  4.555341E+01  8.557967E+02  2.004350E+01  7.465441E+01  1.748471E+00
6.383058E+00  1.350096E+04  1.072550E+03  1.521277E+03  6.232308E+01  8.084194E+02  2.492923E+01  7.052151E+01  2.174672E+00
6.531738E+00  1.309155E+04  9.767911E+02  1.451846E+03  4.234308E+01  8.341007E+02  1.624118E+01  7.276179E+01  1.416780E+00
6.683882E+00  1.291372E+04  9.874332E+02  1.507224E+03  4.648078E+01  8.428893E+02  1.417097E+01  7.352846E+01  1.236188E+00
6.839570E+00  1.276490E+04  9.804667E+02  1.405336E+03  5.040818E+01  8.580469E+02  1.218659E+01  7.485070E+01  1.063083E+00
6.998884E+00  1.243536E+04  9.554419E+02  1.464831E+03  4.817809E+01  8.119903E+02  1.461583E+01  7.083302E+01  1.274994E+00
7.161909E+00  1.206872E+04  9.247004E+02  1.390225E+03  4.126237E+01  7.728760E+02  1.269611E+01  6.742092E+01  1.107531E+00
7.328731E+00  1.190825E+04  9.517292E+02  1.378224E+03  3.877224E+01  7.501135E+02  1.602586E+01  6.543527E+01  1.397997E+00
7.499439E+00  1.160434E+04  8.709573E+02  1.320076E+03  4.748839E+01  7.178830E+02  1.465067E+01  6.262368E+01  1.278034E+00
7.674123E+00  1.128688E+04  8.758167E+02  1.305332E+03  4.986329E+01  7.637477E+02  2.073523E+01  6.662463E+01  1.808813E+00
7.852877E+00  1.095807E+04  8.785562E+02  1.269830E+03  4.969318E+01  7.068011E+02  1.640358E+01  6.165696E+01  1.430946E+00
8.035794E+00  1.085008E+04  8.071669E+02  1.205564E+03  4.620465E+01  7.100429E+02  1.838756E+01  6.193975E+01  1.604017E+00
8.222971E+00  1.059849E+04  8.321035E+02  1.225118E+03  4.054546E+01  6.754506E+02  1.981199E+01  5.892213E+01  1.728275E+00
8.414509E+00  1.028475E+04  8.266702E+02  1.163912E+03  3.962254E+01  6.803370E+02  1.395794E+01  5.934839E+01  1.217604E+00
8.610508E+00  1.000004E+04  7.999327E+02  1.206499E+03  4.224067E+01  6.428502E+02  1.452023E+01  5.607828E+01  1.266655E+00
8.811073E+00  9.885928E+03  7.903239E+02  1.163126E+03  4.170915E+01  6.183274E+02  1.332973E+01  5.393906E+01  1.162803E+00
9.016309E+00  9.444492E+03  7.840996E+02  1.132868E+03  3.781831E+01  6.067738E+02  1.050509E+01  5.293119E+01  9.163987E-01
9.226326E+00  9.351469E+03  7.313471E+02  1.077515E+03  3.531491E+01  6.167789E+02  1.272979E+01  5.380398E+01  1.110468E+00
9.441234E+00  9.136196E+03  7.480067E+02  1.064625E+03  3.651750E+01  5.963187E+02  1.083486E+01  5.201915E+01  9.451663E-01
9.661149E+00  8.883917E+03  7.364702E+02  1.044705E+03  3.411763E+01  5.721566E+02  8.627447E+00  4.991140E+01  7.526051E-01
9.886186E+00  8.693574E+03  7.024607E+02  1.036254E+03  3.104164E+01  5.713961E+02  1.226336E+01  4.984506E+01  1.069780E+00
1.011646E+01  8.511039E+03  7.003275E+02  9.774625E+02  3.520363E+01  5.370426E+02  1.160971E+01  4.684828E+01  1.012759E+00
1.035211E+01  8.361588E+03  6.840202E+02  9.515529E+02  3.147444E+01  5.559265E+02  1.427329E+01  4.849559E+01  1.245114E+00
1.059324E+01  8.134775E+03  6.788218E+02  9.306082E+02  3.719572E+01  5.497098E+02  7.510674E+00  4.795328E+01  6.551847E-01
1.083999E+01  7.994342E+03  6.368072E+02  8.744740E+02  2.935884E+01  5.585170E+02  9.087260E+00  4.872157E+01  7.927164E-01
1.109248E+01  7.741667E+03  6.366570E+02  9.184392E+02  3.073988E+01  5.300921E+02  8.880408E+00  4.624196E+01  7.746719E-01
1.135086E+01  7.598489E+03  6.141542E+02  8.958640E+02  2.736991E+01  5.000016E+02  1.101472E+01  4.361705E+01  9.608562E-01
1.161526E+01  7.452926E+03  6.070241E+02  8.330681E+02  3.327053E+01  4.837275E+02  1.011163E+01  4.219739E+01  8.820763E-01
1.188581E+01  7.252676E+03  5.753562E+02  8.255804E+02  2.422552E+01  4.628350E+02  1.179401E+01  4.037487E+01  1.028836E+00
1.216267E+01  7.055812E+03  6.130342E+02  8.021154E+02  2.616609E+01  4.460696E+02  1.183704E+01  3.891235E+01  1.032590E+00
1.244597E+01  6.956997E+03  5.610285E+02  7.939025E+02  2.739694E+01  4.343938E+02  1.004555E+01  3.789383E+01  8.763113E-01
1.273587E+01  6.749552E+03  5.696766E+02  7.785084E+02  2.439346E+01  4.405697E+02  9.816881E+00  3.843258E+01  8.563640E-01
1.303253E+01  6.603181E+03  5.532207E+02  7.651481E+02  2.122181E+01  4.037958E+02  9.884131E+00  3.522465E+01  8.622305E-01
1.333610E+01  6.522477E+03  5.500029E+02  7.201742E+02  2.727287E+01  4.363659E+02  7.670494E+00  3.806586E+01  6.691265E-01
1.364674E+01  6.273785E+03  5.347070E+02  7.448696E+02  2.609681E+01  4.111636E+02  6.385390E+00  3.586737E+01  5.570219E-01
1.396461E+01  6.111442E+03  5.228069E+02  7.273717E+02  2.414624E+01  3.993626E+02  8.681796E+00  3.483793E+01  7.573462E-01
1.428989E+01  6.010772E+03  5.021571E+02  6.999444E+02  2.916435E+01  3.831135E+02  1.113548E+01  3.342045E+01  9.713903E-01
1.462274E+01  5.894160E+03  5.187089E+02  6.980028E+02  2.305948E+01  3.661017E+02  9.586527E+00  3.193645E+01  8.362694E-01
1.496335E+01  5.685299E+03  4.798095E+02  6.811016E+02  2.506656E+01  3.648578E+02  8.102323E+00  3.182793E+01  7.067966E-01
1.531189E+01  5.648674E+03  4.750735E+02  6.658452E+02  2.548571E+01  3.659551E+02  8.165326E+00  3.192366E+01  7.122926E-01
1.566855E+01  5.527106E+03  4.790094E+02  6.567338E+02  2.272937E+01  3.571413E+02  5.803244E+00  3.115480E+01  5.062391E-01
1.603352E+01  5.372702E+03  4.430583E+02  6.387128E+02  2.103050E+01  3.376695E+02  9.688208E+00  2.945620E+01  8.451394E-01
1.640699E+01  5.225465E+03  4.553722E+02  6.394146E+02  1.962811E+01  3.322924E+02  8.082164E+00  2.898713E+01  7.050380E-01
1.678915E+01  5.166320E+03  4.325952E+02  6.086120E+02  2.301759E+01  3.355603E+02  7.446866E+00  2.927221E+01  6.496185E-01
1.718022E+01  4.943308E+03  4.148092E+02  5.854963E+02  2.117049E+01  3.153520E+02  6.836303E+00  2.750936E+01  5.963568E-01
1.758040E+01  4.948667E+03  4.152803E+02  5.732463E+02  1.874903E+01  3.036481E+02  7.758220E+00  2.648838E+01  6.767792E-01
1.798990E+01  4.829914E+03  3.986669E+02  5.505100E+02  2.063886E+01  3.060027E+02  6.107417E+00  2.669378E+01  5.327733E-01
1.840894E+01  4.627976E+03  3.957664E+02  5.330395E+02  1.955164E+01  2.879236E+02  7.409043E+00  2.511668E+01  6.463191E-01
1.883774E+01  4.546564E+03  3.909812E+02  5.490631E+02  1.508415E+01  2.892134E+02  4.223562E+00  2.522919E+01  3.684375E-01
1.927653E+01  4.446020E+03  3.736300E+02  5.399061E+02  1.592006E+01  2.786993E+02  5.503230E+00  2.431200E+01  4.800677E-01
1.972553E+01  4.359413E+03  3.633965E+02  5.185891E+02  1.843872E+01  2.712029E+02  5.377961E+00  2.365806E+01  4.691400E-01
2.018500E+01  4.252298E+03  3.785868E+02  4.973996E+02  1.876980E+01  2.509522E+02  3.190866E+00  2.189152E+01  2.783514E-01
2.065517E+01  4.185402E+03  3.512597E+02  4.723205E+02  1.595801E+01  2.597304E+02  4.218785E+00  2.265728E+01  3.680208E-01
2.113629E+01  4.040120E+03  3.328676E+02  4.812867E+02  1.416076E+01  2.452142E+02  5.198255E+00  2.139097E+01  4.534636E-01
2.162862E+01  3.976007E+03  3.428076E+02  4.559674E+02  1.559013E+01  2.496172E+02  5.255098E+00  2.177506E+01  4.584223E-01
2.213241E+01  3.844076E+03  3.343196E+02  4.508949E+02  1.746062E+01  2.377726E+02  6.333756E+00  2.074181E+01  5.525177E-01
2.264794E+01  3.794381E+03  3.253713E+02  4.374529E+02  1.622674E+01  2.336985E+02  4.014864E+00  2.038642E+01  3.502319E-01
2.317548E+01  3.672863E+03  3.142049E+02  4.330535E+02  1.324173E+01  2.257633E+02  4.904343E+00  1.969419E+01  4.278246E-01
2.371531E+01  3.619292E+03  3.078515E+02  4.230362E+02  1.357934E+01  2.105596E+02  4.952464E+00  1.836792E+01  4.320223E-01
2.426771E+01  3.530194E+03  2.892911E+02  4.263648E+02  1.451920E+01  2.177879E+02  6.557056E+00  1.899847E+01  5.719970E-01
2.483298E+01  3.464636E+03  2.967421E+02  3.989618E+02  1.342586E+01  2.106945E+02  5.339833E+00  1.837969E+01  4.658140E-01
2.541141E+01  3.400830E+03  2.968458E+02  3.877930E+02  1.058566E+01  2.047058E+02  3.727345E+00  1.785727E+01  3.251505E-01
2.600332E+01  3.298648E+03  2.868833E+02  3.837738E+02  1.078180E+01  1.940724E+02  5.828001E+00  1.692968E+01  5.083987E-01
2.660901E+01  3.200353E+03  2.661147E+02  3.773162E+02  1.039399E+01  1.974859E+02  3.132437E+00  1.722745E+01  2.732544E-01
2.722882E+01  3.147819E+03  2.622835E+02  3.605180E+02  1.168796E+01  1.992520E+02  4.313415E+00  1.738151E+01  3.762757E-01
2.786306E+01  3.076846E+03  2.665113E+02  3.528556E+02  1.278167E+01  1.710568E+02  3.127429E+00  1.492193E+01  2.728176E-01
2.851207E+01  3.005347E+03  2.506117E+02  3.393755E+02  1.195920E+01  1.735413E+02  5.713840E+00  1.513867E+01  4.984400E-01
2.917620E+01  2.946806E+03  2.591911E+02  3.491808E+02  1.077799E+01  1.777719E+02  3.635948E+00  1.550772E+01  3.171776E-01
2.985580E+01  2.867038E+03  2.496111E+02  3.367910E+02  1.040575E+01  1.648423E+02  4.822177E+00  1.437983E+01  4.206570E-01
3.055124E+01  2.778835E+03  2.480216E+02  3.229242E+02  9.672844E+00  1.608420E+02  3.224281E+00  1.403087E+01  2.812664E-01
3.126287E+01  2.748907E+03  2.391039E+02  3.213906E+02  8.725536E+00  1.631190E+02  2.544948E+00  1.422950E+01  2.220055E-01
3.199107E+01  2.668096E+03  2.258449E+02  3.030609E+02  9.119065E+00  1.521818E+02  4.263459E+00  1.327540E+01  3.719178E-01
3.273624E+01  2.588383E+03  2.275323E+02  2.978984E+02  8.448555E+00  1.479076E+02  3.472009E+00  1.290254E+01  3.028766E-01
3.349876E+01  2.536137E+03  2.231448E+02  2.923615E+02  9.839632E+00  1.437491E+02  2.488183E+00  1.253978E+01  2.170537E-01
3.427905E+01  2.495097E+03  2.063497E+02  2.800698E+02  7.073585E+00  1.406980E+02  2.763119E+00  1.227363E+01  2.410374E-01
3.507751E+01  2.460227E+03  2.145057E+02  2.744506E+02  8.640713E+00  1.350111E+02  1.728143E+00  1.177754E+01  1.507525E-01
3.589457E+01  2.376677E+03  2.048732E+02  2.660924E+02  1.034393E+01  1.314102E+02  3.060960E+00  1.146341E+01  2.670192E-01
3.673066E+01  2.311953E+03  1.972184E+02  2.616857E+02  9.799033E+00  1.324417E+02  2.784988E+00  1.155339E+01  2.429452E-01
3.758623E+01  2.273942E+03  1.951484E+02  2.469595E+02  8.265582E+00  1.261005E+02  2.116795E+00  1.100023E+01  1.846561E-01
3.846173E+01  2.219127E+03  1.959270E+02  2.472483E+02  8.471456E+00  1.240182E+02  3.644696E+00  1.081858E+01  3.179408E-01
3.935762E+01  2.164956E+03  1.814558E+02  2.386361E+02  9.818831E+00  1.169596E+02  2.406576E+00  1.020283E+01  2.099348E-01
4.027437E+01  2.126870E+03  1.793950E+02  2.297234E+02  7.996106E+00  1.189068E+02  1.975508E+00  1.037269E+01  1.723311E-01
4.121248E+01  2.047568E+03  1.760469E+02  2.237588E+02  7.630231E+00  1.104085E+02  2.206332E+00  9.631357E+00  1.924668E-01
4.217245E+01  2.028450E+03  1.815624E+02  2.254931E+02  6.648005E+00  1.035831E+02  1.976434E+00  9.035949E+00  1.724119E-01
4.315477E+01  1.984120E+03  1.690014E+02  2.213260E+02  7.550193E+00  1.085121E+02  2.633788E+00  9.465922E+00  2.297554E-01
4.415997E+01  1.920253E+03  1.711601E+02  2.000728E+02  7.721508E+00  1.046693E+02  1.887480E+00  9.130705E+00  1.646521E-01
4.518859E+01  1.863296E+03  1.592152E+02  2.075080E+02  6.875012E+00  9.599864E+01  1.928357E+00  8.374328E+00  1.682179E-01
4.624117E+01  1.861931E+03  1.601793E+02  2.042593E+02  7.537849E+00  9.709077E+01  2.457994E+00  8.469599E+00  2.144202E-01
4.731826E+01  1.788241E+03  1.566933E+02  1.859182E+02  6.245313E+00  9.680235E+01  2.001703E+00  8.444438E+00  1.746162E-01
4.842045E+01  1.768427E+03  1.497620E+02  1.936577E+02  6.963853E+00  9.045184E+01  2.582103E+00  7.890460E+00  2.252467E-01
4.954830E+01  1.705616E+03  1.466588E+02  1.780093E+02  6.193621E+00  8.625190E+01  2.676256E+00  7.524083E+00  2.334600E-01
5.070243E+01  1.679794E+03  1.451138E+02  1.747045E+02  5.903189E+00  8.466219E+01  1.868098E+00  7.385406E+00  1.629613E-01
5.188344E+01  1.650539E+03  1.379404E+02  1.694133E+02  5.987885E+00  8.492573E+01  1.606506E+00  7.408396E+00  1.401416E-01
5.309196E+01  1.605189E+03  1.365845E+02  1.678406E+02  5.494780E+00  7.799733E+01  1.498576E+00  6.804005E+00  1.307265E-01
5.432863E+01  1.577856E+03  1.295005E+02  1.661121E+02  4.672340E+00  7.531532E+01  1.185519E+00  6.570043E+00  1.034173E-01
5.559411E+01  1.527969E+03  1.231453E+02  1.519723E+02  5.247474E+00  6.685419E+01  1.226682E+00  5.831946E+00  1.070082E-01
5.688906E+01  1.482066E+03  1.282673E+02  1.514433E+02  5.394418E+00  7.006084E+01  2.131128E+00  6.111674E+00  1.859064E-01
5.821418E+01  1.452040E+03  1.241110E+02  1.521613E+02  5.141463E+00  6.495164E+01  1.627045E+00  5.665980E+00  1.419334E-01
5.957016E+01  1.444110E+03  1.188055E+02  1.429736E+02  4.452025E+00  6.429997E+01  1.526409E+00  5.609132E+00  1.331545E-01
6.095773E+01  1.399615E+03  1.177171E+02  1.395327E+02  4.039922E+00  6.370646E+01  1.305205E+00  5.557358E+00  1.138581E-01
6.237762E+01  1.366663E+03  1.161308E+02  1.304650E+02  5.041244E+00  6.207411E+01  1.761398E+00  5.414961E+00  1.536535E-01
6.383058E+01  1.330865E+03  1.135467E+02  1.343804E+02  4.689070E+00  5.893983E+01  1.543238E+00  5.141546E+00  1.346226E-01
6.531738E+01  1.293436E+03  1.055677E+02  1.282473E+02  4.002291E+00  5.620609E+01  1.392101E+00  4.903072E+00  1.214383E-01
6.683882E+01  1.285590E+03  1.080395E+02  1.241377E+02  3.627769E+00  5.481332E+01  1.020310E+00  4.781575E+00  8.900553E-02
6.839570E+01  1.240263E+03  1.038630E+02  1.221983E+02  3.877552E+00  5.267931E+01  9.970848E-01  4.595418E+00  8.697951E-02
6.998884E+01  1.194005E+03  1.008492E+02  1.150861E+02  3.897554E+00  5.039753E+01  8.661230E-01  4.396369E+00  7.555522E-02
7.161909E+01  1.184706E+03  9.569696E+01  1.116729E+02  2.803725E+00  4.999095E+01  9.522086E-01  4.360902E+00  8.306479E-02
7.328731E+01  1.146004E+03  9.584497E+01  1.070114E+02  3.205172E+00  4.668177E+01  9.822300E-01  4.072229E+00  8.568367E-02
7.499439E+01  1.140631E+03  9.411795E+01  1.044745E+02  3.334291E+00  4.698319E+01  1.262989E+00  4.098523E+00  1.101754E-01
7.674123E+01  1.115160E+03  9.064258E+01  9.868983E+01  3.060915E+00  4.344525E+01  5.430656E-01  3.789895E+00  4.737368E-02
7.852877E+01  1.081237E+03  9.079861E+01  9.789075E+01  2.894749E+00  4.428965E+01  7.719329E-01  3.863555E+00  6.733866E-02
8.035794E+01  1.050684E+03  8.618581E+01  9.721835E+01  3.300332E+00  3.889677E+01  7.543616E-01  3.393114E+00  6.580584E-02
8.222971E+01  1.022345E+03  8.625126E+01  9.150374E+01  3.685951E+00  3.962398E+01  6.450415E-01  3.456551E+00  5.626943E-02
8.414509E+01  9.976774E+02  8.316230E+01  9.009624E+01  2.521434E+00  3.687597E+01  9.005122E-01  3.216832E+00  7.855512E-02
8.610508E+01  9.800276E+02  8.003728E+01  8.580137E+01  2.728043E+00  3.625658E+01  6.600105E-01  3.162800E+00  5.757524E-02
8.811073E+01  9.695012E+02  7.658144E+01  8.247232E+01  2.321953E+00  3.577527E+01  9.029816E-01  3.120813E+00  7.877053E-02
9.016309E+01  9.288177E+02  7.563662E+01  8.000673E+01  2.773343E+00  3.046475E+01  9.664679E-01  2.657556E+00  8.430868E-02
9.226326E+01  9.139990E+02  7.231343E+01  7.966386E+01  2.094256E+00  3.108533E+01  7.391492E-01  2.711692E+00  6.447880E-02
9.441234E+01  8.875758E+02  7.098841E+01  7.692752E+01  2.207101E+00  2.889296E+01  7.223241E-01  2.520444E+00  6.301109E-02
9.661149E+01  8.665486E+02  6.501957E+01  7.231369E+01  2.117646E+00  2.717646E+01  6.666663E-01  2.370706E+00  5.815585E-02
9.886186E+01  8.498127E+02  6.507247E+01  7.055266E+01  2.261058E+00  2.786083E+01  4.598761E-01  2.430406E+00  4.011675E-02
1.011646E+02  8.308806E+02  6.535142E+01  6.490201E+01  1.872534E+00  2.587841E+01  3.745067E-01  2.257473E+00  3.266965E-02
1.035211E+02  7.993776E+02  6.448601E+01  6.320507E+01  2.488677E+00  2.492337E+01  3.293837E-01  2.174160E+00  2.873340E-02
1.059324E+02  7.867252E+02  6.190941E+01  6.362614E+01  2.396263E+00  2.339038E+01  3.576511E-01  2.040432E+00  3.119927E-02
1.083999E+02  7.689919E+02  6.088464E+01  6.182832E+01  1.782501E+00  2.152982E+01  8.737750E-01  1.878128E+00  7.622273E-02
1.109248E+02  7.573281E+02  5.902056E+01  5.905472E+01  2.220102E+00  2.254258E+01  5.806421E-01  1.966475E+00  5.065163E-02
1.135086E+02  7.457300E+02  5.741007E+01  5.463970E+01  1.869165E+00  2.002677E+01  5.006692E-01  1.747011E+00  4.367528E-02
1.161526E+02  7.148924E+02  5.277620E+01  5.518994E+01  1.304727E+00  1.839665E+01  3.914180E-01  1.604810E+00  3.414489E-02
1.188581E+02  7.091066E+02  5.262676E+01  5.377429E+01  2.199423E+00  1.813727E+01  5.737624E-01  1.582183E+00  5.005149E-02
1.216267E+02  6.901619E+02  5.242564E+01  5.049433E+01  1.682106E+00  1.788016E+01  2.803510E-01  1.559755E+00  2.445609E-02
1.244597E+02  6.723514E+02  5.050170E+01  4.767068E+01  1.704699E+00  1.768625E+01  3.957336E-01  1.542839E+00  3.452135E-02
1.273587E+02  6.621338E+02  5.018509E+01  4.602035E+01  1.695643E+00  1.549877E+01  3.569775E-01  1.352017E+00  3.114051E-02
1.303253E+02  6.375846E+02  4.729848E+01  4.261805E+01  1.104697E+00  1.520412E+01  2.325678E-01  1.326313E+00  2.028778E-02
1.333610E+02  6.215089E+02  4.338091E+01  4.335250E+01  1.562508E+00  1.343757E+01  2.272739E-01  1.172211E+00  1.982597E-02
1.364674E+02  6.128586E+02  4.386485E+01  4.125517E+01  1.526941E+00  1.335379E+01  2.776257E-01  1.164902E+00  2.421835E-02
1.396461E+02  5.897110E+02  4.549804E+01  4.047887E+01  1.220878E+00  1.264287E+01  1.899143E-01  1.102885E+00  1.656695E-02
1.428989E+02  5.796282E+02  4.223528E+01  3.746293E+01  1.193087E+00  1.100291E+01  1.855913E-01  9.598261E-01  1.618984E-02
1.462274E+02  5.711757E+02  4.049660E+01  3.730973E+01  1.295477E+00  1.111519E+01  3.368239E-01  9.696204E-01  2.938244E-02
1.496335E+02  5.505276E+02  3.597938E+01  3.489063E+01  1.164709E+00  1.106474E+01  7.595928E-02  9.652191E-01  6.626218E-03
1.531189E+02  5.378723E+02  3.654602E+01  3.639756E+01  1.138197E+00  8.536477E+00  2.226907E-01  7.446695E-01  1.942616E-02
1.566855E+02  5.332940E+02  3.803543E+01  3.261907E+01  8.946668E-01  8.946668E+00  1.692613E-01  7.804520E-01  1.476531E-02
1.603352E+02  5.131915E+02  3.511385E+01  2.965537E+01  1.063340E+00  7.774196E+00  1.417787E-01  6.781728E-01  1.236789E-02
1.640699E+02  5.055509E+02  3.514587E+01  2.831066E+01  9.467677E-01  7.666510E+00  0.000000E+00  6.687789E-01  0.000000E+00
1.678915E+02  4.912224E+02  3.120914E+01  2.807243E+01  7.898191E-01  6.295987E+00  6.769878E-02  5.492230E-01  5.905623E-03
1.718022E+02  4.718152E+02  3.219678E+01  2.754368E+01  7.718406E-01  5.733673E+00  4.410518E-02  5.001702E-01  3.847463E-03
1.758040E+02  4.710964E+02  3.165785E+01  2.482630E+01  8.189232E-01  5.775564E+00  6.465183E-02  5.038245E-01  5.639826E-03
1.798990E+02  4.553817E+02  2.929454E+01  2.392423E+01  6.528618E-01  5.138655E+00  8.424024E-02  4.482645E-01  7.348598E-03
1.840894E+02  4.497701E+02  3.064462E+01  2.224771E+01  7.203236E-01  4.321942E+00  8.232270E-02  3.770195E-01  7.181323E-03
1.883774E+02  4.334582E+02  2.920292E+01  2.129882E+01  5.832538E-01  4.203450E+00  4.022440E-02  3.666830E-01  3.508928E-03
1.927653E+02  4.273258E+02  2.633688E+01  2.089262E+01  5.503230E-01  3.812952E+00  5.896317E-02  3.326183E-01  5.143583E-03
1.972553E+02  4.144487E+02  2.475783E+01  1.874603E+01  4.225541E-01  3.514881E+00  7.682801E-02  3.066165E-01  6.702001E-03
2.018500E+02  3.973379E+02  2.644665E+01  1.927658E+01  5.818637E-01  3.190866E+00  5.630939E-02  2.783514E-01  4.912083E-03
2.065517E+02  3.927873E+02  2.390034E+01  1.713194E+01  4.952487E-01  3.008177E+00  9.171273E-02  2.624148E-01  8.000451E-03
2.113629E+02  3.859436E+02  2.308742E+01  1.681367E+01  6.273756E-01  2.473652E+00  5.377505E-02  2.157861E-01  4.691003E-03
2.162862E+02  3.714479E+02  2.184369E+01  1.467924E+01  4.379249E-01  2.224658E+00  8.758497E-02  1.940654E-01  7.640372E-03
2.213241E+02  3.655775E+02  2.180866E+01  1.367749E+01  4.450747E-01  1.848772E+00  5.135478E-02  1.612754E-01  4.479873E-03
2.264794E+02  3.574065E+02  1.997395E+01  1.329924E+01  3.680292E-01  2.040889E+00  5.018580E-02  1.780346E-01  4.377899E-03
2.317548E+02  3.471948E+02  1.981355E+01  1.239164E+01  4.250431E-01  1.356868E+00  1.634781E-02  1.183648E-01  1.426082E-03
2.371531E+02  3.421673E+02  1.972998E+01  1.134274E+01  3.035381E-01  1.341958E+00  4.792707E-02  1.170641E-01  4.180861E-03
2.426771E+02  3.330828E+02  1.817241E+01  1.030394E+01  2.966287E-01  1.155291E+00  1.561204E-02  1.007804E-01  1.361898E-03
2.483298E+02  3.276064E+02  1.884198E+01  1.011517E+01  2.288500E-01  1.052710E+00  0.000000E+00  9.183190E-02  0.000000E+00
2.541141E+02  3.165709E+02  1.699669E+01  9.542003E+00  2.534595E-01  9.840191E-01  2.981876E-02  8.583974E-02  2.601204E-03
2.600332E+02  3.080098E+02  1.691577E+01  8.436031E+00  3.205400E-01  9.470501E-01  0.000000E+00  8.261480E-02  0.000000E+00
2.660901E+02  3.021093E+02  1.563371E+01  7.645993E+00  1.993369E-01  7.688708E-01  1.423835E-02  6.707153E-02  1.242065E-03
2.722882E+02  2.917817E+02  1.459604E+01  7.277149E+00  1.808852E-01  7.513691E-01  1.391424E-02  6.554480E-02  1.213793E-03
2.786306E+02  2.851671E+02  1.495727E+01  6.621991E+00  1.631702E-01  8.022535E-01  1.359752E-02  6.998363E-02  1.186163E-03
2.851207E+02  2.777723E+02  1.380623E+01  6.032752E+00  2.258960E-01  6.245360E-01  1.328800E-02  5.448066E-02  1.159163E-03
2.917620E+02  2.672292E+02  1.381660E+01  4.843602E+00  7.791316E-02  4.025514E-01  1.298553E-02  3.511609E-02  1.132777E-03
2.985580E+02  2.639000E+02  1.327368E+01  4.860247E+00  1.522793E-01  4.441479E-01  2.537988E-02  3.874472E-02  2.213984E-03
3.055124E+02  2.594554E+02  1.212826E+01  4.290775E+00  8.680758E-02  3.348292E-01  0.000000E+00  2.920843E-02  0.000000E+00
3.126287E+02  2.474416E+02  1.244601E+01  4.253699E+00  8.483160E-02  3.514452E-01  1.211880E-02  3.065790E-02  1.057169E-03
3.199107E+02  2.419039E+02  1.149950E+01  3.576568E+00  1.065865E-01  3.079165E-01  0.000000E+00  2.686073E-02  0.000000E+00
3.273624E+02  2.339555E+02  1.141134E+01  3.101661E+00  9.258691E-02  1.851738E-01  0.000000E+00  1.615342E-02  0.000000E+00
3.349876E+02  2.345338E+02  1.069919E+01  2.850100E+00  7.916945E-02  2.488183E-01  0.000000E+00  2.170537E-02  0.000000E+00
3.427905E+02  2.236469E+02  9.648812E+00  2.774172E+00  7.736733E-02  2.763119E-01  0.000000E+00  2.410374E-02  0.000000E+00
3.507751E+02  2.205002E+02  9.277966E+00  2.441001E+00  7.560624E-02  1.080089E-01  0.000000E+00  9.422030E-03  0.000000E+00
3.589457E+02  2.132644E+02  9.309539E+00  1.984346E+00  4.222013E-02  1.266604E-01  0.000000E+00  1.104907E-02  0.000000E+00
3.673066E+02  2.054599E+02  8.942907E+00  1.670993E+00  5.157386E-02  8.251817E-02  0.000000E+00  7.198375E-03  0.000000E+00
3.758623E+02  2.013677E+02  8.517582E+00  1.582557E+00  8.063983E-02  5.039989E-02  0.000000E+00  4.396575E-03  0.000000E+00
3.846173E+02  1.937993E+02  7.535655E+00  1.369224E+00  2.955159E-02  1.083558E-01  0.000000E+00  9.452293E-03  0.000000E+00
3.935762E+02  1.895034E+02  7.190849E+00  1.270672E+00  3.850522E-02  9.626305E-02  9.626305E-03  8.397393E-03  8.397393E-04
4.027437E+02  1.832801E+02  6.707322E+00  1.279377E+00  9.407183E-03  5.644310E-02  0.000000E+00  4.923747E-03  0.000000E+00
4.121248E+02  1.811031E+02  6.986718E+00  1.121552E+00  1.838610E-02  8.273744E-02  0.000000E+00  7.217503E-03  0.000000E+00
4.217245E+02  1.762620E+02  5.947269E+00  1.140941E+00  6.288653E-02  3.593516E-02  0.000000E+00  3.134761E-03  0.000000E+00
4.315477E+02  1.713894E+02  6.066492E+00  1.027177E+00  1.755859E-02  2.633788E-02  0.000000E+00  2.297554E-03  0.000000E+00
4.415997E+02  1.681315E+02  5.696757E+00  9.437398E-01  8.579453E-03  4.289726E-02  0.000000E+00  3.742092E-03  0.000000E+00
4.518859E+02  1.602800E+02  5.256869E+00  6.623487E-01  8.384161E-03  8.384161E-03  0.000000E+00  7.313823E-04  0.000000E+00
4.624117E+02  1.572707E+02  4.661996E+00  6.636584E-01  1.638663E-02  1.638663E-02  0.000000E+00  1.429468E-03  0.000000E+00
4.731826E+02  1.525057E+02  4.563882E+00  5.364564E-01  3.202725E-02  1.601362E-02  0.000000E+00  1.396929E-03  0.000000E+00
4.842045E+02  1.495038E+02  4.334803E+00  4.851224E-01  7.824554E-03  1.564911E-02  0.000000E+00  1.365131E-03  0.000000E+00
4.954830E+02  1.433403E+02  3.937919E+00  4.970190E-01  7.646445E-03  0.000000E+00  0.000000E+00  0.000000E+00  0.000000E+00
5.070243E+02  1.389566E+02  3.661472E+00  3.213128E-01  2.241717E-02  7.472391E-03  0.000000E+00  6.518452E-04  0.000000E+00
5.188344E+02  1.353408E+02  3.329848E+00  3.286034E-01  1.460460E-02  7.302299E-03  0.000000E+00  6.370074E-04  0.000000E+00
5.309196E+02  1.339941E+02  3.011425E+00  2.711710E-01  1.427216E-02  7.136078E-03  0.000000E+00  6.225073E-04  0.000000E+00
5.432863E+02  1.276804E+02  2.949850E+00  2.719720E-01  0.000000E+00  0.000000E+00  0.000000E+00  0.000000E+00  0.000000E+00
5.559411E+02  1.244742E+02  2.753220E+00  1.840023E-01  0.000000E+00  6.814902E-03  0.000000E+00  5.944899E-04  0.000000E+00
5.688906E+02  1.204354E+02  2.583993E+00  1.997933E-01  0.000000E+00  0.000000E+00  0.000000E+00  0.000000E+00  0.000000E+00
5.821418E+02  1.168088E+02  2.271355E+00  1.496882E-01  0.000000E+00  6.508181E-03  0.000000E+00  5.677334E-04  0.000000E+00
5.957016E+02  1.137365E+02  2.079732E+00  1.272007E-01  0.000000E+00  0.000000E+00  0.000000E+00  0.000000E+00  0.000000E+00
6.095773E+02  1.096994E+02  1.932947E+00  1.491663E-01  0.000000E+00  0.000000E+00  0.000000E+00  0.000000E+00  0.000000E+00
6.237762E+02  1.053984E+02  1.615627E+00  1.032544E-01  0.000000E+00  0.000000E+00  0.000000E+00  0.000000E+00  0.000000E+00
6.383058E+02  1.024829E+02  1.566980E+00  9.496850E-02  0.000000E+00  0.000000E+00  0.000000E+00  0.000000E+00  0.000000E+00
6.531738E+02  9.956424E+01  1.450106E+00  5.800422E-02  5.800422E-03  1.160084E-02  0.000000E+00  1.011986E-03  0.000000E+00
6.683882E+02  9.600549E+01  1.122341E+00  4.534711E-02  0.000000E+00  0.000000E+00  0.000000E+00  0.000000E+00  0.000000E+00
6.839570E+02  9.355979E+01  1.141108E+00  4.431488E-02  0.000000E+00  0.000000E+00  0.000000E+00  0.000000E+00  0.000000E+00
6.998884E+02  9.114321E+01  8.552965E-01  4.871942E-02  0.000000E+00  0.000000E+00  0.000000E+00  0.000000E+00  0.000000E+00
7.161909E+02  8.680439E+01  8.569877E-01  3.703033E-02  0.000000E+00  0.000000E+00  0.000000E+00  0.000000E+00  0.000000E+00
7.328731E+02  8.389795E+01  8.116322E-01  2.067853E-02  0.000000E+00  0.000000E+00  0.000000E+00  0.000000E+00  0.000000E+00
7.499439E+02  8.063933E+01  5.910789E-01  3.031174E-02  0.000000E+00  0.000000E+00  0.000000E+00  0.000000E+00  0.000000E+00
7.674123E+02  7.844336E+01  6.911744E-01  1.974784E-02  0.000000E+00  0.000000E+00  0.000000E+00  0.000000E+00  0.000000E+00
7.852877E+02  7.490644E+01  5.403531E-01  1.447374E-02  0.000000E+00  0.000000E+00  0.000000E+00  0.000000E+00  0.000000E+00
8.035794E+02  7.381900E+01  4.761908E-01  1.414428E-02  0.000000E+00  0.000000E+00  0.000000E+00  0.000000E+00  0.000000E+00
8.222971E+02  7.144756E+01  5.482852E-01  9.214878E-03  0.000000E+00  0.000000E+00  0.000000E+00  0.000000E+00  0.000000E+00
8.414509E+02  6.827233E+01  4.457535E-01  4.502561E-03  0.000000E+00  0.000000E+00  0.000000E+00  0.000000E+00  0.000000E+00
8.610508E+02  6.594825E+01  3.520056E-01  0.000000E+00  0.000000E+00  0.000000E+00  0.000000E+00  0.000000E+00  0.000000E+00
8.811073E+02  6.482118E+01  2.837942E-01  1.289974E-02  0.000000E+00  0.000000E+00  0.000000E+00  0.000000E+00  0.000000E+00
9.016309E+02  6.164384E+01  3.361627E-01  4.202034E-03  0.000000E+00  0.000000E+00  0.000000E+00  0.000000E+00  0.000000E+00
9.226326E+02  5.921406E+01  3.038724E-01  0.000000E+00  4.106384E-03  0.000000E+00  0.000000E+00  0.000000E+00  0.000000E+00
9.441234E+02  5.824340E+01  2.327489E-01  4.012912E-03  0.000000E+00  0.000000E+00  0.000000E+00  0.000000E+00  0.000000E+00
9.661149E+02  5.493330E+01  2.235293E-01  0.000000E+00  0.000000E+00  0.000000E+00  0.000000E+00  0.000000E+00  0.000000E+00
9.886186E+02  5.283593E+01  2.107765E-01  0.000000E+00  0.000000E+00  0.000000E+00  0.000000E+00  0.000000E+00  0.000000E+00
