#dR/dEr [1/keV/Myr/kg]
# Er [keV]  , O16 ,  Mg24 , Mg25 , Mg26 , Si28 , Si29 , Si30 , Fe54 , Fe56 , Fe57
1.011646E-03  8.390164E+08  3.186557E+08  1.959783E+07  3.372355E+07  1.197504E+08  9.417141E+06  5.472123E+06  3.817760E+06  3.077114E+08  3.817760E+05
1.035211E-03  8.319811E+08  3.217242E+08  1.716194E+07  3.121484E+07  1.267248E+08  7.337352E+06  5.471924E+06  3.109048E+06  2.922505E+08  3.730857E+05
1.059324E-03  8.354046E+08  3.100258E+08  1.835119E+07  3.220574E+07  1.254201E+08  8.264113E+06  4.982774E+06  3.645932E+06  2.887578E+08  2.430622E+05
1.083999E-03  8.505927E+08  3.140139E+08  1.686459E+07  3.087882E+07  1.248217E+08  9.857470E+06  5.225647E+06  3.681706E+06  2.881231E+08  0.000000E+00
1.109248E-03  8.513095E+08  3.217219E+08  1.891799E+07  3.168473E+07  1.254622E+08  8.356412E+06  6.035187E+06  2.669409E+06  2.723958E+08  0.000000E+00
1.135086E-03  8.341997E+08  3.154194E+08  1.429084E+07  3.765524E+07  1.232869E+08  7.825939E+06  4.877034E+06  2.948904E+06  2.761762E+08  1.134194E+05
1.161526E-03  8.408145E+08  3.150006E+08  1.706900E+07  3.225376E+07  1.198155E+08  9.532039E+06  4.876857E+06  2.549266E+06  2.695572E+08  2.216753E+05
1.188581E-03  8.459377E+08  3.131378E+08  1.570563E+07  3.162789E+07  1.194711E+08  8.881804E+06  4.224273E+06  3.357755E+06  2.676456E+08  1.083147E+05
1.216267E-03  8.348322E+08  3.102438E+08  1.810020E+07  2.805002E+07  1.193978E+08  7.409440E+06  3.493022E+06  4.233966E+06  2.504391E+08  0.000000E+00
1.244597E-03  8.272075E+08  3.130086E+08  2.079138E+07  3.258351E+07  1.252655E+08  8.171738E+06  5.068547E+06  2.792873E+06  2.483588E+08  0.000000E+00
1.273587E-03  8.409274E+08  3.149813E+08  1.587037E+07  3.052772E+07  1.290857E+08  7.985727E+06  4.447747E+06  2.021703E+06  2.334056E+08  0.000000E+00
1.303253E-03  8.461852E+08  3.135410E+08  1.906534E+07  3.269756E+07  1.233814E+08  9.483280E+06  4.346503E+06  2.667173E+06  2.369832E+08  9.878417E+04
1.333610E-03  8.331985E+08  3.135475E+08  1.727987E+07  3.233942E+07  1.228898E+08  8.977808E+06  6.178276E+06  2.992603E+06  2.305269E+08  9.653557E+04
1.364674E-03  8.416850E+08  3.137687E+08  1.726388E+07  3.094291E+07  1.237717E+08  8.301757E+06  4.716908E+06  2.735806E+06  2.301851E+08  9.433815E+04
1.396461E-03  8.493534E+08  3.268162E+08  1.622557E+07  2.959323E+07  1.175432E+08  7.928405E+06  6.176780E+06  3.042295E+06  2.207969E+08  2.765723E+05
1.428989E-03  8.455156E+08  3.065839E+08  1.927974E+07  3.243320E+07  1.162190E+08  7.297471E+06  4.324427E+06  2.072121E+06  2.085635E+08  2.702767E+05
1.462274E-03  8.385071E+08  3.075289E+08  1.663984E+07  3.195906E+07  1.103160E+08  7.923734E+06  4.402074E+06  2.641245E+06  2.162299E+08  8.804148E+04
1.496335E-03  8.328422E+08  3.144668E+08  1.841201E+07  2.641349E+07  1.138275E+08  8.689779E+06  4.904133E+06  3.269422E+06  2.037366E+08  8.603742E+04
1.531189E-03  8.478523E+08  3.041136E+08  1.689987E+07  2.749382E+07  1.041738E+08  6.978554E+06  4.708422E+06  2.186053E+06  2.112904E+08  8.407896E+04
1.566855E-03  8.429317E+08  3.077904E+08  1.635085E+07  3.023675E+07  1.093617E+08  7.148363E+06  4.108255E+06  2.218458E+06  1.962102E+08  1.643302E+05
1.603352E-03  8.467085E+08  3.060034E+08  1.501513E+07  3.139526E+07  1.058285E+08  7.868889E+06  3.211792E+06  2.087664E+06  1.877292E+08  8.029479E+04
1.640699E-03  8.493274E+08  2.882880E+08  1.467334E+07  2.722807E+07  9.816229E+07  7.689771E+06  4.001820E+06  2.354012E+06  1.880855E+08  0.000000E+00
1.678915E-03  8.377391E+08  2.933045E+08  1.602631E+07  2.821858E+07  9.646461E+07  5.904431E+06  3.604004E+06  2.837194E+06  1.887884E+08  7.668093E+04
1.718022E-03  8.501428E+08  2.852043E+08  1.648580E+07  2.315506E+07  9.636700E+07  7.868223E+06  4.271321E+06  2.098193E+06  1.829924E+08  1.498709E+05
1.758040E-03  8.362834E+08  2.754170E+08  1.237582E+07  2.746114E+07  9.431988E+07  6.517445E+06  3.734716E+06  1.977202E+06  1.824152E+08  7.322972E+04
1.798990E-03  8.412208E+08  2.764471E+08  1.746132E+07  2.576261E+07  9.360415E+07  7.514095E+06  3.435015E+06  1.645945E+06  1.784776E+08  2.146884E+05
1.840894E-03  8.423531E+08  2.638604E+08  1.545538E+07  2.503631E+07  9.007478E+07  5.594707E+06  4.265964E+06  2.167949E+06  1.737856E+08  0.000000E+00
1.883774E-03  8.304230E+08  2.627748E+08  1.551362E+07  2.480813E+07  8.747769E+07  7.244247E+06  3.212072E+06  2.596994E+06  1.669594E+08  6.834195E+04
1.927653E-03  8.433106E+08  2.435028E+08  1.248904E+07  2.451057E+07  8.575360E+07  6.478271E+06  2.537879E+06  1.536085E+06  1.693700E+08  6.678630E+04
1.972553E-03  8.505472E+08  2.452698E+08  1.364061E+07  2.303892E+07  8.634699E+07  6.396073E+06  2.545376E+06  2.284312E+06  1.550721E+08  1.305321E+05
2.018500E-03  8.305486E+08  2.343293E+08  1.390413E+07  2.111132E+07  8.183028E+07  5.676457E+06  2.742558E+06  1.594510E+06  1.548589E+08  1.275608E+05
2.065517E-03  8.376340E+08  2.357268E+08  1.184243E+07  2.262528E+07  8.775867E+07  5.858888E+06  3.241087E+06  1.682872E+06  1.513962E+08  1.246572E+05
2.113629E-03  8.424438E+08  2.323101E+08  1.279106E+07  2.131844E+07  7.711184E+07  6.090983E+06  3.289131E+06  1.400926E+06  1.489245E+08  6.090983E+04
2.162862E-03  8.374935E+08  2.270816E+08  1.148801E+07  2.077365E+07  8.118985E+07  5.297578E+06  3.035691E+06  1.428560E+06  1.450584E+08  5.952335E+04
2.213241E-03  8.425116E+08  2.190041E+08  1.227354E+07  1.896291E+07  7.335039E+07  5.293327E+06  3.490106E+06  1.512379E+06  1.406513E+08  1.163369E+05
2.264794E-03  8.286202E+08  2.174297E+08  1.182363E+07  2.216930E+07  7.560299E+07  4.888615E+06  2.842218E+06  1.534798E+06  1.393824E+08  0.000000E+00
2.317548E-03  8.162023E+08  2.159800E+08  1.099898E+07  1.810944E+07  6.943803E+07  5.055088E+06  2.888622E+06  1.833164E+06  1.290992E+08  0.000000E+00
2.371531E-03  7.919233E+08  2.033008E+08  1.150862E+07  1.976008E+07  7.263459E+07  5.157164E+06  2.551439E+06  1.411434E+06  1.306663E+08  5.428594E+04
2.426771E-03  7.613240E+08  1.968164E+08  9.920395E+06  1.782488E+07  6.816956E+07  4.933672E+06  2.917763E+06  1.220156E+06  1.297609E+08  1.591507E+05
2.483298E-03  7.578880E+08  1.980390E+08  1.099065E+07  1.840415E+07  6.822495E+07  4.095571E+06  2.799504E+06  1.503437E+06  1.273256E+08  0.000000E+00
2.541141E-03  7.392178E+08  1.914539E+08  1.114577E+07  1.828919E+07  6.241631E+07  3.850357E+06  2.583792E+06  1.367890E+06  1.196144E+08  5.066259E+04
2.600332E-03  7.280847E+08  1.860067E+08  9.555307E+06  1.846699E+07  6.545138E+07  4.356824E+06  2.227921E+06  8.911686E+05  1.232783E+08  0.000000E+00
2.660901E-03  7.117534E+08  1.798857E+08  9.095890E+06  1.678869E+07  6.207461E+07  4.935004E+06  1.935296E+06  1.693384E+06  1.204722E+08  4.838239E+04
2.722882E-03  6.920058E+08  1.794790E+08  8.888842E+06  1.678478E+07  6.047250E+07  4.728108E+06  1.985805E+06  9.456215E+05  1.184391E+08  4.728108E+04
2.786306E-03  6.708479E+08  1.708655E+08  9.518195E+06  1.649512E+07  5.900357E+07  4.204639E+06  1.986808E+06  1.524759E+06  1.105219E+08  4.620483E+04
2.851207E-03  6.753997E+08  1.636799E+08  9.030616E+06  1.544235E+07  6.027936E+07  3.973471E+06  2.528572E+06  1.399745E+06  1.075998E+08  0.000000E+00
2.917620E-03  6.482002E+08  1.639695E+08  9.398682E+06  1.562034E+07  5.745110E+07  3.662397E+06  2.471015E+06  1.367883E+06  1.109309E+08  4.412527E+04
2.985580E-03  6.298663E+08  1.615738E+08  9.270984E+06  1.548039E+07  5.450476E+07  4.139602E+06  2.199164E+06  1.293626E+06  1.075003E+08  8.624171E+04
3.055124E-03  6.180572E+08  1.560840E+08  8.933532E+06  1.432736E+07  5.655095E+07  4.129652E+06  1.938408E+06  9.692040E+05  1.057697E+08  1.264179E+05
3.126287E-03  6.031237E+08  1.550431E+08  8.853721E+06  1.556608E+07  5.493425E+07  4.035649E+06  2.182545E+06  1.441303E+06  9.990291E+07  8.236019E+04
3.199107E-03  5.757526E+08  1.570271E+08  8.491214E+06  1.613733E+07  5.247651E+07  3.259661E+06  2.132864E+06  1.006068E+06  9.746787E+07  2.414563E+05
3.273624E-03  5.690178E+08  1.521156E+08  7.472070E+06  1.364636E+07  5.069210E+07  3.028155E+06  1.730374E+06  8.651871E+05  9.890662E+07  7.865337E+04
3.349876E-03  5.688631E+08  1.414664E+08  7.532574E+06  1.506515E+07  5.092174E+07  3.497267E+06  2.229027E+06  9.223560E+05  9.484895E+07  3.843150E+04
3.427905E-03  5.409666E+08  1.383964E+08  7.699122E+06  1.325751E+07  4.844814E+07  3.417659E+06  1.539824E+06  9.389174E+05  9.524378E+07  7.511339E+04
3.507751E-03  5.354058E+08  1.426966E+08  7.377062E+06  1.343286E+07  4.679479E+07  3.633478E+06  1.835090E+06  1.027650E+06  9.193801E+07  1.101054E+05
3.589457E-03  5.207796E+08  1.342119E+08  7.962333E+06  1.266083E+07  4.651867E+07  3.156240E+06  1.398788E+06  6.814609E+05  8.754980E+07  7.173273E+04
3.673066E-03  5.123601E+08  1.306662E+08  7.710988E+06  1.167163E+07  4.559998E+07  2.944195E+06  1.507148E+06  7.710988E+05  8.787022E+07  0.000000E+00
3.758623E-03  4.955596E+08  1.296442E+08  7.672473E+06  1.253627E+07  4.483601E+07  3.562220E+06  1.952370E+06  9.248070E+05  8.614406E+07  6.850422E+04
3.846173E-03  4.930825E+08  1.241493E+08  6.828378E+06  1.154799E+07  4.378195E+07  3.548079E+06  1.640150E+06  1.104590E+06  8.384846E+07  1.338898E+05
3.935762E-03  4.812044E+08  1.229588E+08  6.313129E+06  1.174307E+07  4.314517E+07  3.761709E+06  1.864499E+06  1.177578E+06  8.122020E+07  0.000000E+00
4.027437E-03  4.646568E+08  1.196165E+08  6.744811E+06  1.313800E+07  4.296221E+07  2.781036E+06  1.246671E+06  4.794890E+05  7.981893E+07  6.393186E+04
4.121248E-03  4.646072E+08  1.155817E+08  6.903664E+06  1.083969E+07  4.054731E+07  2.967638E+06  1.436962E+06  1.093340E+06  7.725231E+07  3.123830E+04
4.217245E-03  4.428585E+08  1.167056E+08  6.441245E+06  1.065400E+07  3.959381E+07  3.266413E+06  1.678997E+06  9.158168E+05  7.628754E+07  3.052723E+04
4.315477E-03  4.393111E+08  1.116923E+08  6.175295E+06  1.112746E+07  3.812573E+07  2.863905E+06  1.193294E+06  7.756409E+05  7.467035E+07  2.983234E+04
4.415997E-03  4.253754E+08  1.102577E+08  5.364203E+06  1.107824E+07  3.886132E+07  3.119400E+06  1.603430E+06  8.162917E+05  7.425339E+07  8.745983E+04
4.518859E-03  4.139833E+08  1.100556E+08  6.552623E+06  1.025628E+07  3.680865E+07  2.250684E+06  1.424483E+06  6.837520E+05  6.951478E+07  5.697933E+04
4.624117E-03  4.052281E+08  1.086641E+08  6.403467E+06  1.066317E+07  3.666681E+07  2.422181E+06  1.252852E+06  8.352349E+05  7.152394E+07  2.784116E+04
4.731826E-03  3.979629E+08  1.020278E+08  4.978958E+06  8.924034E+06  3.536965E+07  2.122179E+06  1.496408E+06  1.088297E+06  6.567871E+07  0.000000E+00
4.842045E-03  3.929190E+08  9.935974E+07  5.902559E+06  9.279248E+06  3.594712E+07  2.206813E+06  1.302817E+06  7.710550E+05  6.806554E+07  0.000000E+00
4.954830E-03  3.773494E+08  1.001900E+08  6.261875E+06  8.756232E+06  3.429741E+07  3.065980E+06  1.195213E+06  8.574352E+05  6.656815E+07  1.299144E+05
5.070243E-03  3.666016E+08  9.521791E+07  5.129071E+06  9.115527E+06  3.222174E+07  1.929750E+06  1.244181E+06  9.140919E+05  6.510366E+07  5.078288E+04
5.188344E-03  3.597208E+08  9.451448E+07  4.367169E+06  8.858406E+06  3.091757E+07  2.307652E+06  1.215860E+06  7.692173E+05  6.327433E+07  4.962692E+04
5.309196E-03  3.493016E+08  8.950172E+07  5.819673E+06  8.414278E+06  3.188696E+07  2.376367E+06  1.454918E+06  9.214483E+05  6.180978E+07  2.424864E+04
5.432863E-03  3.494785E+08  8.781987E+07  4.786728E+06  8.009475E+06  3.189572E+07  2.251184E+06  1.232227E+06  7.582935E+05  6.172983E+07  2.369667E+04
5.559411E-03  3.364983E+08  8.660819E+07  4.353567E+06  8.683976E+06  2.959499E+07  1.806267E+06  1.250493E+06  8.105044E+05  5.967628E+07  6.947181E+04
5.688906E-03  3.298117E+08  8.640190E+07  4.933372E+06  8.327894E+06  2.966812E+07  2.511946E+06  1.086247E+06  7.467948E+05  5.643958E+07  1.131507E+05
5.821418E-03  3.236091E+08  8.242268E+07  4.843190E+06  8.204673E+06  2.892645E+07  2.056697E+06  1.260556E+06  5.307605E+05  5.657022E+07  0.000000E+00
5.957016E-03  3.121367E+08  8.426371E+07  4.624887E+06  8.169193E+06  2.911085E+07  1.988269E+06  8.428532E+05  6.915719E+05  5.610377E+07  2.161162E+04
6.095773E-03  3.124657E+08  8.147973E+07  3.949380E+06  7.877641E+06  2.889172E+07  1.921891E+06  1.224942E+06  4.857527E+05  5.366511E+07  6.335904E+04
6.237762E-03  2.981914E+08  7.811838E+07  4.189705E+06  8.276214E+06  2.747043E+07  2.208366E+06  1.362170E+06  5.778903E+05  5.306271E+07  0.000000E+00
6.383058E-03  2.913634E+08  7.545275E+07  3.953151E+06  7.402074E+06  2.704682E+07  1.976576E+06  8.672730E+05  6.454124E+05  5.308517E+07  4.033828E+04
6.531738E-03  2.881804E+08  7.367610E+07  4.020847E+06  7.509523E+06  2.487406E+07  1.793613E+06  7.095612E+05  4.927508E+05  5.095044E+07  0.000000E+00
6.683882E-03  2.821021E+08  7.026551E+07  4.121935E+06  6.818528E+06  2.617621E+07  1.502387E+06  8.089779E+05  5.200572E+05  4.965583E+07  1.926138E+04
6.839570E-03  2.723867E+08  7.066130E+07  3.689295E+06  6.380975E+06  2.527920E+07  1.392897E+06  6.588027E+05  4.141046E+05  4.920315E+07  1.882294E+04
6.998884E-03  2.677683E+08  6.800437E+07  3.862839E+06  6.805955E+06  2.334259E+07  1.489952E+06  9.933016E+05  4.782563E+05  4.723701E+07  1.839447E+04
7.161909E-03  2.644235E+08  6.740911E+07  3.235638E+06  6.525202E+06  2.286517E+07  1.545916E+06  8.268851E+05  4.134426E+05  4.587415E+07  0.000000E+00
7.328731E-03  2.535385E+08  6.766649E+07  3.355218E+06  6.236138E+06  2.376759E+07  1.686392E+06  9.134625E+05  5.972639E+05  4.662172E+07  1.756659E+04
7.499439E-03  2.491921E+08  6.279587E+07  3.639345E+06  6.471854E+06  2.200774E+07  1.407671E+06  7.896692E+05  6.008352E+05  4.480514E+07  6.866689E+04
7.674123E-03  2.436037E+08  6.483908E+07  3.304864E+06  6.307761E+06  2.182552E+07  1.694372E+06  8.723499E+05  6.039345E+05  4.358394E+07  3.355192E+04
7.852877E-03  2.374520E+08  6.131390E+07  3.213242E+06  6.229755E+06  2.185332E+07  1.459074E+06  8.197046E+05  3.442759E+05  4.314925E+07  1.639409E+04
8.035794E-03  2.343379E+08  6.235341E+07  3.172141E+06  6.136011E+06  2.084321E+07  1.521987E+06  9.612550E+05  4.485857E+05  4.197480E+07  3.204183E+04
8.222971E-03  2.270311E+08  6.057398E+07  3.616590E+06  5.542308E+06  2.093239E+07  1.518655E+06  6.732181E+05  6.575619E+05  4.114459E+07  3.131247E+04
8.414509E-03  2.216337E+08  5.619637E+07  2.998772E+06  5.523248E+06  2.034881E+07  1.407587E+06  7.343931E+05  5.354950E+05  4.146261E+07  3.059971E+04
8.610508E-03  2.176503E+08  5.665157E+07  3.364108E+06  5.816168E+06  1.996037E+07  1.285837E+06  7.625310E+05  4.335961E+05  4.013007E+07  5.980636E+04
8.811073E-03  2.118631E+08  5.601953E+07  3.126807E+06  4.923991E+06  1.843940E+07  1.285790E+06  8.474525E+05  5.844500E+05  3.974260E+07  0.000000E+00
9.016309E-03  2.080971E+08  5.360208E+07  2.870010E+06  4.940415E+06  1.894778E+07  1.142293E+06  7.424902E+05  3.141305E+05  3.699600E+07  5.711463E+04
9.226326E-03  2.025649E+08  5.179589E+07  2.762820E+06  5.288428E+06  1.860020E+07  1.172105E+06  6.418672E+05  3.069800E+05  3.752132E+07  2.790727E+04
9.441234E-03  1.984994E+08  5.320772E+07  2.659022E+06  4.636244E+06  1.870861E+07  1.104517E+06  7.636166E+05  3.954443E+05  3.582180E+07  6.818006E+04
9.661149E-03  1.923153E+08  5.069065E+07  2.998264E+06  4.757246E+06  1.764312E+07  1.185980E+06  6.529553E+05  5.196991E+05  3.615240E+07  1.332562E+04
9.886186E-03  1.901775E+08  4.905497E+07  2.695614E+06  4.883359E+06  1.747591E+07  1.028761E+06  9.636494E+05  3.255572E+05  3.543365E+07  2.604458E+04
1.011646E-02  1.868666E+08  4.914730E+07  2.659706E+06  4.632215E+06  1.787984E+07  1.132602E+06  5.853898E+05  3.817760E+05  3.411805E+07  2.545173E+04
1.035211E-02  1.824389E+08  4.744407E+07  2.661345E+06  4.626263E+06  1.611730E+07  1.069512E+06  5.969371E+05  2.735962E+05  3.240871E+07  6.218095E+04
1.059324E-02  1.778486E+08  4.698392E+07  2.637224E+06  4.277894E+06  1.621225E+07  1.166698E+06  6.198085E+05  4.982774E+05  3.198698E+07  1.215311E+04
1.083999E-02  1.711518E+08  4.440612E+07  2.494059E+06  4.097382E+06  1.687646E+07  1.247029E+06  4.038000E+05  3.562941E+05  3.213773E+07  0.000000E+00
1.109248E-02  1.687995E+08  4.269894E+07  2.611379E+06  4.329086E+06  1.578433E+07  1.265068E+06  6.383370E+05  4.294267E+05  3.167312E+07  0.000000E+00
1.135086E-02  1.642880E+08  4.405210E+07  2.529253E+06  4.015047E+06  1.476721E+07  1.122852E+06  6.805164E+05  3.969679E+05  3.090679E+07  1.134194E+04
1.161526E-02  1.604486E+08  4.235107E+07  2.504931E+06  3.956905E+06  1.502959E+07  1.075125E+06  6.317747E+05  4.322669E+05  3.011459E+07  2.216753E+04
1.188581E-02  1.565797E+08  4.154951E+07  2.198788E+06  3.812677E+06  1.416756E+07  9.856637E+05  7.365399E+05  2.924497E+05  3.019814E+07  2.166294E+04
1.216267E-02  1.539999E+08  4.015917E+07  2.148738E+06  3.747060E+06  1.481888E+07  9.420574E+05  5.715854E+05  3.810569E+05  2.868512E+07  1.058491E+04
1.244597E-02  1.505979E+08  4.033115E+07  2.141202E+06  3.951397E+06  1.292997E+07  9.102696E+05  5.792625E+05  3.620390E+05  2.779425E+07  0.000000E+00
1.273587E-02  1.456637E+08  3.978711E+07  2.233982E+06  3.740151E+06  1.327248E+07  1.010851E+06  5.559683E+05  3.436895E+05  2.787928E+07  1.010851E+04
1.303253E-02  1.414984E+08  3.852583E+07  2.044832E+06  3.694528E+06  1.301975E+07  9.285712E+05  5.531914E+05  3.062309E+05  2.710638E+07  9.878417E+03
1.333610E-02  1.418880E+08  3.622980E+07  1.921058E+06  3.784194E+06  1.306126E+07  9.750092E+05  5.405992E+05  4.054494E+05  2.684654E+07  0.000000E+00
1.364674E-02  1.366016E+08  3.652773E+07  2.141476E+06  3.396173E+06  1.261301E+07  9.339477E+05  5.754627E+05  3.301835E+05  2.618827E+07  0.000000E+00
1.396461E-02  1.340269E+08  3.517999E+07  1.659434E+06  3.051514E+06  1.215074E+07  9.403457E+05  5.162682E+05  2.857913E+05  2.518651E+07  1.843815E+04
1.428989E-02  1.303094E+08  3.464046E+07  1.964011E+06  3.243320E+06  1.214443E+07  9.189408E+05  4.324427E+05  2.522583E+05  2.546007E+07  9.009223E+03
1.462274E-02  1.287871E+08  3.399282E+07  2.016150E+06  3.160689E+06  1.201766E+07  8.363941E+05  4.842282E+05  2.905369E+05  2.422021E+07  3.521659E+04
1.496335E-02  1.264406E+08  3.319323E+07  1.763767E+06  3.157573E+06  1.164086E+07  8.087517E+05  3.785646E+05  1.548673E+05  2.364308E+07  2.581122E+04
1.531189E-02  1.225535E+08  3.199205E+07  1.732027E+06  3.144553E+06  1.137588E+07  7.567107E+05  5.549212E+05  1.681579E+05  2.432404E+07  0.000000E+00
1.566855E-02  1.172660E+08  3.047503E+07  1.791199E+06  3.122274E+06  1.072254E+07  8.463005E+05  4.601245E+05  3.204439E+05  2.381144E+07  8.216509E+03
1.603352E-02  1.167567E+08  3.084123E+07  1.629984E+06  2.906671E+06  1.052665E+07  6.022109E+05  4.335919E+05  2.087664E+05  2.262707E+07  3.211792E+04
1.640699E-02  1.125924E+08  2.993518E+07  2.040143E+06  2.926821E+06  9.784842E+06  7.689771E+05  5.335760E+05  2.197078E+05  2.103702E+07  1.569341E+04
1.678915E-02  1.113944E+08  2.836428E+07  1.617968E+06  2.821858E+06  1.009888E+07  5.751070E+05  3.910727E+05  3.143918E+05  2.231415E+07  7.668093E+03
1.718022E-02  1.095481E+08  2.862534E+07  1.558657E+06  2.742638E+06  9.824038E+06  8.242900E+05  3.971579E+05  2.472870E+05  2.133412E+07  7.493546E+03
1.758040E-02  1.070106E+08  2.791517E+07  1.764836E+06  2.738791E+06  9.849397E+06  6.737134E+05  3.807945E+05  2.782729E+05  2.081921E+07  2.196892E+04
1.798990E-02  1.037017E+08  2.798821E+07  1.560069E+06  2.719387E+06  9.274540E+06  7.943471E+05  3.077201E+05  2.504698E+05  2.078899E+07  7.156281E+03
1.840894E-02  1.001522E+08  2.632310E+07  1.622465E+06  2.636506E+06  9.133359E+06  7.343053E+05  4.126096E+05  2.307817E+05  1.980526E+07  0.000000E+00
1.883774E-02  9.960156E+07  2.582642E+07  1.435181E+06  2.385134E+06  9.274002E+06  7.107563E+05  3.143730E+05  1.640207E+05  1.941595E+07  0.000000E+00
1.927653E-02  9.734103E+07  2.589973E+07  1.309011E+06  2.417664E+06  8.956042E+06  5.276117E+05  3.539674E+05  2.337520E+05  1.901406E+07  6.678630E+03
1.972553E-02  9.450525E+07  2.488595E+07  1.396694E+06  2.303892E+06  9.045875E+06  6.135009E+05  2.675908E+05  2.284312E+05  1.865956E+07  2.610642E+04
2.018500E-02  9.234767E+07  2.440877E+07  1.403169E+06  2.423656E+06  8.750673E+06  5.485116E+05  2.870119E+05  1.913413E+05  1.889176E+07  3.189021E+04
2.065517E-02  9.050112E+07  2.361631E+07  1.495886E+06  1.969584E+06  8.239841E+06  5.858888E+05  3.365744E+05  1.869858E+05  1.796933E+07  1.869858E+04
2.113629E-02  8.793552E+07  2.296910E+07  1.206015E+06  2.436393E+06  8.381192E+06  7.187359E+05  3.106401E+05  2.619123E+05  1.793185E+07  1.827295E+04
2.162862E-02  8.699933E+07  2.239268E+07  1.238086E+06  2.249983E+06  7.815416E+06  5.238055E+05  3.511878E+05  2.440457E+05  1.749986E+07  1.190467E+04
2.213241E-02  8.426279E+07  2.265079E+07  1.332057E+06  2.018445E+06  7.654966E+06  5.816843E+05  3.606443E+05  2.617579E+05  1.707825E+07  2.326737E+04
2.264794E-02  8.152049E+07  2.160654E+07  1.176678E+06  2.097557E+06  7.713779E+06  5.172836E+05  2.728529E+05  1.932708E+05  1.646213E+07  1.136887E+04
2.317548E-02  8.176466E+07  2.140913E+07  1.272105E+06  2.110916E+06  7.493752E+06  5.555042E+05  2.721971E+05  1.944265E+05  1.659847E+07  1.111008E+04
2.371531E-02  7.761261E+07  2.063951E+07  1.275720E+06  1.878293E+06  7.274316E+06  5.428594E+05  2.822869E+05  2.388581E+05  1.592207E+07  5.428594E+03
2.426771E-02  7.538439E+07  2.048270E+07  1.092835E+06  1.877979E+06  7.082207E+06  4.721471E+05  2.440311E+05  1.485407E+05  1.580367E+07  5.305024E+03
2.483298E-02  7.492303E+07  1.998016E+07  1.124986E+06  1.923363E+06  6.988392E+06  4.665840E+05  3.214246E+05  1.658965E+05  1.532988E+07  5.184267E+03
2.541141E-02  7.306558E+07  1.906433E+07  1.124709E+06  1.828919E+06  6.601335E+06  4.458308E+05  3.445056E+05  1.519878E+05  1.525450E+07  1.013252E+04
2.600332E-02  7.172422E+07  1.873929E+07  9.555307E+05  1.802141E+06  6.708519E+06  4.851918E+05  2.822034E+05  1.633809E+05  1.438247E+07  1.485281E+04
2.660901E-02  6.950131E+07  1.861755E+07  1.020869E+06  1.794987E+06  6.536461E+06  4.402798E+05  3.048091E+05  1.161177E+05  1.485823E+07  0.000000E+00
2.722882E-02  6.877505E+07  1.762639E+07  1.049640E+06  1.612285E+06  6.203277E+06  4.538983E+05  2.316773E+05  2.222211E+05  1.392428E+07  4.728108E+03
2.786306E-02  6.600822E+07  1.759480E+07  1.034988E+06  1.635651E+06  6.191447E+06  4.574278E+05  3.095723E+05  1.293735E+05  1.400006E+07  1.386145E+04
2.851207E-02  6.638405E+07  1.770452E+07  1.034005E+06  1.770001E+06  5.824747E+06  4.379849E+05  2.347960E+05  1.219133E+05  1.351883E+07  9.030616E+03
2.917620E-02  6.383161E+07  1.664846E+07  9.133930E+05  1.500259E+06  6.177538E+06  4.853779E+05  2.603391E+05  1.676760E+05  1.339643E+07  1.323758E+04
2.985580E-02  6.207678E+07  1.675245E+07  9.960917E+05  1.470421E+06  5.782507E+06  4.786415E+05  2.328526E+05  8.192962E+04  1.337178E+07  0.000000E+00
3.055124E-02  6.048254E+07  1.622363E+07  9.059950E+05  1.727711E+06  5.823652E+06  4.508906E+05  2.149104E+05  1.517015E+05  1.280613E+07  4.213930E+03
3.126287E-02  5.983056E+07  1.599847E+07  9.018441E+05  1.548372E+06  5.719915E+06  3.088507E+05  1.894284E+05  1.770744E+05  1.253522E+07  0.000000E+00
3.199107E-02  5.881071E+07  1.565442E+07  8.652185E+05  1.400447E+06  5.352282E+06  4.627913E+05  2.253592E+05  9.658253E+04  1.262012E+07  1.207282E+04
3.273624E-02  5.562760E+07  1.471998E+07  8.927158E+05  1.494414E+06  5.533265E+06  4.129302E+05  2.123641E+05  1.376434E+05  1.224633E+07  0.000000E+00
3.349876E-02  5.513383E+07  1.438875E+07  8.339636E+05  1.341259E+06  5.172880E+06  3.497267E+05  2.382753E+05  1.037651E+05  1.174467E+07  3.843150E+03
3.427905E-02  5.450979E+07  1.424901E+07  8.412699E+05  1.468467E+06  5.261693E+06  3.530329E+05  1.840278E+05  1.502268E+05  1.194678E+07  1.502268E+04
3.507751E-02  5.289096E+07  1.412285E+07  7.450465E+05  1.379988E+06  5.167613E+06  4.037198E+05  1.835090E+05  1.137756E+05  1.135187E+07  7.340360E+03
3.589457E-02  5.240076E+07  1.367943E+07  8.105798E+05  1.384442E+06  4.626761E+06  3.873567E+05  2.618245E+05  1.075991E+05  1.074915E+07  1.075991E+04
3.673066E-02  5.027915E+07  1.339959E+07  7.009989E+05  1.384473E+06  4.917507E+06  2.909146E+05  1.962797E+05  1.296848E+05  1.089703E+07  0.000000E+00
3.758623E-02  4.963131E+07  1.329324E+07  7.329952E+05  1.222800E+06  4.898052E+06  3.390959E+05  1.609849E+05  1.404337E+05  1.076886E+07  0.000000E+00
3.846173E-02  4.819696E+07  1.306429E+07  7.531299E+05  1.228439E+06  4.304556E+06  2.979047E+05  2.041819E+05  1.439315E+05  1.077813E+07  3.347244E+03
3.935762E-02  4.687744E+07  1.235149E+07  7.719681E+05  1.171036E+06  4.186946E+06  2.976657E+05  1.799078E+05  1.079447E+05  1.022531E+07  3.271051E+03
4.027437E-02  4.552588E+07  1.234844E+07  6.808743E+05  1.332979E+06  4.350563E+06  3.068729E+05  1.214705E+05  1.310603E+05  9.756002E+06  9.589779E+03
4.121248E-02  4.506124E+07  1.230477E+07  7.122332E+05  1.199551E+06  4.495191E+06  2.811447E+05  1.780583E+05  1.218294E+05  9.940026E+06  3.123830E+03
4.217245E-02  4.395615E+07  1.197583E+07  6.960208E+05  1.147824E+06  4.099807E+06  2.900087E+05  2.075851E+05  1.526361E+05  9.826714E+06  6.105445E+03
4.315477E-02  4.283924E+07  1.163461E+07  6.354289E+05  1.235059E+06  4.209344E+06  3.490384E+05  1.521449E+05  1.282791E+05  9.585132E+06  5.966468E+03
4.415997E-02  4.157257E+07  1.090916E+07  6.676100E+05  1.081587E+06  3.859894E+06  2.827868E+05  1.107824E+05  7.288319E+04  9.247419E+06  2.915328E+03
4.518859E-02  4.085418E+07  1.126196E+07  6.039809E+05  1.165227E+06  4.122455E+06  2.962925E+05  1.339014E+05  1.111097E+05  9.373100E+06  0.000000E+00
4.624117E-02  3.980451E+07  1.074390E+07  5.456868E+05  1.083021E+06  3.842080E+06  2.951163E+05  1.503423E+05  1.225011E+05  8.625192E+06  2.784116E+03
4.731826E-02  3.906713E+07  1.082311E+07  6.339329E+05  1.058369E+06  3.798156E+06  2.775157E+05  1.795690E+05  9.522597E+04  8.717257E+06  0.000000E+00
4.842045E-02  3.736692E+07  1.043849E+07  5.583502E+05  1.050230E+06  3.557488E+06  2.366341E+05  1.302817E+05  8.508193E+04  8.553393E+06  2.658810E+03
4.954830E-02  3.718670E+07  9.951445E+06  6.235892E+05  9.301873E+05  3.637604E+06  2.208545E+05  1.351110E+05  1.273161E+05  8.104062E+06  1.299144E+04
5.070243E-02  3.576892E+07  9.912819E+06  5.966989E+05  1.056284E+06  3.496401E+06  2.539144E+05  1.675835E+05  1.066441E+05  8.135418E+06  7.617432E+03
5.188344E-02  3.542122E+07  9.590403E+06  5.037133E+05  9.453929E+05  3.317560E+06  2.456533E+05  1.315113E+05  7.444039E+04  8.116483E+06  4.962692E+03
5.309196E-02  3.452036E+07  9.527290E+06  5.528690E+05  9.093239E+05  3.387535E+06  1.697405E+05  1.382172E+05  9.456969E+04  7.939004E+06  2.424864E+03
5.432863E-02  3.419193E+07  9.582934E+06  4.668244E+05  9.786726E+05  3.376776E+06  2.322274E+05  1.161137E+05  7.109002E+04  7.490518E+06  2.369667E+03
5.559411E-02  3.274901E+07  9.059124E+06  4.770398E+05  8.267145E+05  3.184125E+06  2.408356E+05  1.157863E+05  8.799763E+04  7.630320E+06  9.262908E+03
5.688906E-02  3.329800E+07  8.737499E+06  4.888112E+05  8.418414E+05  3.156905E+06  2.149864E+05  9.504661E+04  9.052058E+04  7.341219E+06  4.526029E+03
5.821418E-02  3.168419E+07  8.883604E+06  4.489349E+05  8.226788E+05  3.319465E+06  2.233617E+05  1.017291E+05  8.846008E+04  7.174113E+06  1.105751E+04
5.957016E-02  3.097378E+07  8.519301E+06  5.165178E+05  7.953077E+05  3.051561E+06  2.312444E+05  1.188639E+05  7.347951E+04  7.038905E+06  6.483487E+03
6.095773E-02  3.017791E+07  8.137413E+06  4.773048E+05  8.490112E+05  2.870165E+06  2.027489E+05  1.246061E+05  7.603085E+04  6.920919E+06  2.111968E+03
6.237762E-02  2.953226E+07  8.088400E+06  4.643761E+05  7.884074E+05  2.835790E+06  2.001977E+05  1.135142E+05  6.398071E+04  6.808786E+06  2.063894E+03
6.383058E-02  2.880556E+07  7.795372E+06  4.094335E+05  7.502920E+05  2.767206E+06  1.835392E+05  1.149641E+05  5.849050E+04  6.639681E+06  0.000000E+00
6.531738E-02  2.803752E+07  7.836709E+06  3.863167E+05  6.957642E+05  2.751521E+06  2.030133E+05  9.855017E+04  8.672415E+04  6.500369E+06  5.913010E+03
6.683882E-02  2.743205E+07  7.407926E+06  4.102674E+05  7.049664E+05  2.700445E+06  1.772047E+05  9.630689E+04  6.163641E+04  6.450636E+06  7.704551E+03
6.839570E-02  2.730455E+07  7.335298E+06  4.159869E+05  7.190361E+05  2.509097E+06  1.599950E+05  1.185845E+05  8.093862E+04  6.074161E+06  3.764587E+03
6.998884E-02  2.575594E+07  7.124179E+06  4.396279E+05  6.622010E+05  2.604657E+06  1.747475E+05  1.030091E+05  7.173845E+04  6.145594E+06  1.839447E+03
7.161909E-02  2.575028E+07  7.166937E+06  3.918717E+05  6.794839E+05  2.520202E+06  2.031261E+05  1.096522E+05  7.549821E+04  6.086594E+06  3.595153E+03
7.328731E-02  2.554006E+07  7.040688E+06  3.899782E+05  6.657736E+05  2.468105E+06  2.230956E+05  9.310290E+04  6.148305E+04  5.993719E+06  3.513317E+03
7.499439E-02  2.426344E+07  6.784288E+06  3.484844E+05  6.180020E+05  2.417074E+06  1.922673E+05  8.411693E+04  6.523354E+04  5.781752E+06  5.150016E+03
7.674123E-02  2.415906E+07  6.571143E+06  3.724263E+05  6.626504E+05  2.477809E+06  1.761476E+05  1.023333E+05  6.207105E+04  5.640077E+06  5.032788E+03
7.852877E-02  2.295501E+07  6.185491E+06  3.754247E+05  6.426484E+05  2.352552E+06  1.590227E+05  6.721578E+04  6.885518E+04  5.541203E+06  6.557637E+03
8.035794E-02  2.306371E+07  6.193686E+06  3.540623E+05  6.168053E+05  2.260551E+06  1.810364E+05  8.010458E+04  7.049203E+04  5.490368E+06  9.612550E+03
8.222971E-02  2.209878E+07  6.157598E+06  3.162560E+05  6.199869E+05  2.212226E+06  1.675217E+05  7.514993E+04  7.984680E+04  5.390442E+06  1.565624E+03
8.414509E-02  2.165236E+07  5.959294E+06  3.167070E+05  5.630347E+05  2.204709E+06  1.376987E+05  7.955925E+04  6.731937E+04  5.175941E+06  1.529986E+03
8.610508E-02  2.095914E+07  5.877470E+06  3.319253E+05  5.696555E+05  2.120135E+06  1.450304E+05  7.625310E+04  6.877731E+04  5.186706E+06  2.990318E+03
8.811073E-02  2.094669E+07  5.898561E+06  3.798925E+05  6.355894E+05  2.004663E+06  1.256567E+05  8.474525E+04  4.675600E+04  5.036498E+06  4.383375E+03
9.016309E-02  2.031996E+07  5.530124E+06  3.626779E+05  5.968479E+05  2.020430E+06  1.584931E+05  8.852767E+04  5.711463E+04  5.030371E+06  7.139328E+03
9.226326E-02  1.984486E+07  5.598198E+06  3.097707E+05  5.162845E+05  2.019091E+06  1.520946E+05  8.372181E+04  4.604700E+04  4.773539E+06  0.000000E+00
9.441234E-02  1.953768E+07  5.358952E+06  2.918106E+05  5.045324E+05  1.939041E+06  1.295421E+05  8.045247E+04  5.727125E+04  4.681243E+06  5.454405E+03
9.661149E-02  1.897968E+07  5.246296E+06  2.811705E+05  5.090386E+05  1.880245E+06  1.665702E+05  7.329090E+04  5.063735E+04  4.731927E+06  1.332562E+03
9.886186E-02  1.861536E+07  5.296165E+06  2.812815E+05  5.065671E+05  1.853072E+06  1.263162E+05  6.771591E+04  5.599585E+04  4.574730E+06  6.511145E+03
1.011646E-01  1.815472E+07  5.150158E+06  2.761513E+05  4.772200E+05  1.791802E+06  1.603459E+05  6.235674E+04  4.708571E+04  4.349701E+06  5.090347E+03
1.035211E-01  1.786707E+07  5.041632E+06  2.698653E+05  4.240741E+05  1.797029E+06  1.169002E+05  6.591181E+04  5.471924E+04  4.309140E+06  1.243619E+03
1.059324E-01  1.741297E+07  4.850305E+06  2.527846E+05  4.885549E+05  1.801091E+06  1.081627E+05  4.982774E+04  4.132057E+04  4.119904E+06  3.645932E+03
1.083999E-01  1.686221E+07  4.796906E+06  2.600947E+05  4.584317E+05  1.764843E+06  1.342041E+05  7.244646E+04  5.819470E+04  4.242275E+06  3.562941E+03
1.109248E-01  1.626019E+07  4.628524E+06  2.646197E+05  4.166600E+05  1.681728E+06  1.137401E+05  7.427922E+04  5.687003E+04  4.044736E+06  2.321226E+03
1.135086E-01  1.626548E+07  4.453980E+06  2.427175E+05  4.423357E+05  1.606019E+06  1.020775E+05  5.897809E+04  6.238067E+04  4.001437E+06  1.134194E+03
1.161526E-01  1.574560E+07  4.417989E+06  2.039413E+05  3.956905E+05  1.675865E+06  1.108377E+05  7.536961E+04  4.322669E+04  4.082151E+06  0.000000E+00
1.188581E-01  1.532869E+07  4.330421E+06  2.382923E+05  4.321756E+05  1.559732E+06  9.856637E+04  6.173937E+04  5.632364E+04  3.880915E+06  2.166294E+03
1.216267E-01  1.481676E+07  4.114356E+06  2.138153E+05  3.799984E+05  1.478713E+06  9.208876E+04  4.974910E+04  4.974910E+04  3.769288E+06  2.116983E+03
1.244597E-01  1.472878E+07  4.117935E+06  2.358426E+05  4.096213E+05  1.450225E+06  8.895816E+04  5.792625E+04  3.930710E+04  3.720727E+06  0.000000E+00
1.273587E-01  1.429951E+07  4.033297E+06  2.385610E+05  3.942321E+05  1.441474E+06  1.172588E+05  5.660768E+04  3.942321E+04  3.641087E+06  6.065109E+03
1.303253E-01  1.398586E+07  3.904938E+06  2.272036E+05  3.842704E+05  1.475836E+06  1.126140E+05  6.322187E+04  3.259878E+04  3.548327E+06  0.000000E+00
1.333610E-01  1.370322E+07  3.887487E+06  2.143090E+05  3.851769E+05  1.389147E+06  1.100505E+05  7.143632E+04  4.247565E+04  3.454043E+06  1.930711E+03
1.364674E-01  1.322432E+07  3.877298E+06  2.273549E+05  3.547114E+05  1.299036E+06  8.490434E+04  5.565951E+04  3.490512E+04  3.302779E+06  1.886763E+03
1.396461E-01  1.299613E+07  3.646144E+06  2.018977E+05  3.484810E+05  1.357970E+06  9.680029E+04  5.439254E+04  4.240775E+04  3.269084E+06  0.000000E+00
1.428989E-01  1.259580E+07  3.631618E+06  1.855900E+05  3.693782E+05  1.342374E+06  8.108301E+04  5.855995E+04  3.333413E+04  3.187463E+06  9.009223E+02
1.462274E-01  1.248340E+07  3.608820E+06  2.183429E+05  3.424814E+05  1.232581E+06  8.540024E+04  4.402074E+04  4.402074E+04  3.126353E+06  3.521659E+03
1.496335E-01  1.214934E+07  3.363203E+06  1.841201E+05  3.432893E+05  1.301746E+06  8.603742E+04  4.473946E+04  3.613571E+04  3.167898E+06  1.720748E+03
1.531189E-01  1.195855E+07  3.413606E+06  1.774066E+05  3.220224E+05  1.232598E+06  8.491975E+04  4.372106E+04  3.447238E+04  3.051226E+06  8.407896E+02
1.566855E-01  1.157131E+07  3.383559E+06  1.725467E+05  3.097624E+05  1.226725E+06  8.545170E+04  4.026090E+04  3.615264E+04  2.971911E+06  0.000000E+00
1.603352E-01  1.132558E+07  3.239895E+06  1.766485E+05  2.914701E+05  1.188363E+06  7.788594E+04  4.496508E+04  3.211792E+04  2.895430E+06  3.211792E+03
1.640699E-01  1.102462E+07  3.140252E+06  1.726275E+05  3.068062E+05  1.145619E+06  8.317508E+04  4.237221E+04  2.510946E+04  2.794997E+06  1.569341E+03
1.678915E-01  1.079054E+07  3.137784E+06  1.709985E+05  3.082573E+05  1.092703E+06  9.738478E+04  4.907579E+04  3.143918E+04  2.700702E+06  1.533619E+03
1.718022E-01  1.051869E+07  2.968943E+06  1.745996E+05  2.900002E+05  1.095556E+06  7.868223E+04  3.596902E+04  4.121450E+04  2.742638E+06  0.000000E+00
1.758040E-01  1.040301E+07  2.868408E+06  1.720898E+05  2.965804E+05  1.062563E+06  6.883593E+04  4.247324E+04  2.489810E+04  2.714626E+06  1.464594E+03
1.798990E-01  9.957964E+06  2.934075E+06  1.738976E+05  2.755168E+05  1.051973E+06  9.804104E+04  4.723145E+04  2.433135E+04  2.560517E+06  2.146884E+03
1.840894E-01  9.864867E+06  2.831621E+06  1.475604E+05  2.671473E+05  9.916618E+05  8.112325E+04  4.965302E+04  2.237883E+04  2.521814E+06  0.000000E+00
1.883774E-01  9.634848E+06  2.847126E+06  1.524025E+05  2.679004E+05  9.964256E+05  6.629169E+04  4.373885E+04  2.596994E+04  2.473295E+06  6.834195E+02
1.927653E-01  9.448925E+06  2.725549E+06  1.382476E+05  2.698166E+05  9.543762E+05  6.678630E+04  3.806819E+04  2.604666E+04  2.453061E+06  6.678630E+02
1.972553E-01  9.107225E+06  2.632180E+06  1.553332E+05  2.388738E+05  9.659376E+05  6.265541E+04  3.263303E+04  2.349578E+04  2.386780E+06  2.610642E+03
2.018500E-01  8.869943E+06  2.579918E+06  1.326633E+05  2.672399E+05  9.343831E+05  6.888285E+04  4.400849E+04  2.551217E+04  2.354773E+06  1.275608E+03
2.065517E-01  8.682997E+06  2.547993E+06  1.564448E+05  2.480678E+05  9.037647E+05  6.419846E+04  3.802044E+04  1.745201E+04  2.266891E+06  6.232860E+02
2.113629E-01  8.521285E+06  2.488775E+06  1.419199E+05  2.387665E+05  9.349658E+05  7.126450E+04  4.385507E+04  2.010024E+04  2.226254E+06  2.436393E+03
2.162862E-01  8.409459E+06  2.401172E+06  1.505941E+05  2.178555E+05  8.541601E+05  5.833288E+04  3.154737E+04  2.202364E+04  2.204745E+06  2.976167E+03
2.213241E-01  8.145907E+06  2.338371E+06  1.291339E+05  2.396539E+05  8.678730E+05  6.573033E+04  3.373769E+04  2.210400E+04  2.163284E+06  1.163369E+03
2.264794E-01  7.966168E+06  2.345398E+06  1.466584E+05  2.313565E+05  8.526654E+05  5.911813E+04  3.183284E+04  1.762175E+04  2.072545E+06  1.136887E+03
2.317548E-01  7.742618E+06  2.246459E+06  1.288770E+05  2.238682E+05  8.143692E+05  4.943987E+04  2.444219E+04  2.666420E+04  2.003704E+06  0.000000E+00
2.371531E-01  7.546288E+06  2.200752E+06  1.270291E+05  2.117152E+05  7.887747E+05  5.157164E+04  3.691444E+04  2.225724E+04  2.065037E+06  1.085719E+03
2.426771E-01  7.389368E+06  2.133681E+06  1.225461E+05  2.270550E+05  8.286448E+05  6.206878E+04  3.236065E+04  2.175060E+04  1.937395E+06  2.652512E+03
2.483298E-01  7.183320E+06  2.153544E+06  1.192381E+05  2.177392E+05  7.636425E+05  4.925054E+04  2.851347E+04  1.814493E+04  1.882926E+06  5.184267E+02
2.541141E-01  6.949894E+06  2.040182E+06  1.312161E+05  1.980907E+05  7.766574E+05  5.674210E+04  3.647706E+04  2.685117E+04  1.872489E+06  0.000000E+00
2.600332E-01  6.951610E+06  2.009585E+06  1.039697E+05  1.906111E+05  7.208564E+05  5.743086E+04  2.475468E+04  2.029884E+04  1.808082E+06  2.475468E+03
2.660901E-01  6.717895E+06  1.943037E+06  1.098280E+05  1.911105E+05  6.986418E+05  5.128534E+04  2.612649E+04  2.128825E+04  1.818210E+06  1.451472E+03
2.722882E-01  6.535190E+06  1.964056E+06  8.557875E+04  1.758856E+05  7.134714E+05  5.153637E+04  3.120551E+04  1.891243E+04  1.807556E+06  4.728108E+02
2.786306E-01  6.398445E+06  1.836180E+06  1.071952E+05  1.894398E+05  6.440953E+05  4.805302E+04  3.419157E+04  2.079217E+04  1.695255E+06  4.620483E+02
2.851207E-01  6.220739E+06  1.810638E+06  1.020460E+05  1.711302E+05  6.465921E+05  4.876532E+04  2.618878E+04  1.309439E+04  1.678340E+06  9.030616E+02
2.917620E-01  6.095023E+06  1.827669E+06  1.081069E+05  1.778248E+05  6.861479E+05  4.456652E+04  2.735767E+04  1.588510E+04  1.654698E+06  4.412527E+02
2.985580E-01  6.004148E+06  1.758900E+06  1.021964E+05  1.711898E+05  6.386199E+05  4.786415E+04  2.544130E+04  1.940438E+04  1.618326E+06  8.624171E+02
3.055124E-01  5.868319E+06  1.727711E+06  9.987015E+04  1.626577E+05  6.447313E+05  4.551045E+04  2.781194E+04  1.769851E+04  1.589495E+06  1.264179E+03
3.126287E-01  5.721563E+06  1.706503E+06  9.265522E+04  1.577198E+05  6.127598E+05  4.529811E+04  2.182545E+04  1.523664E+04  1.581727E+06  8.236019E+02
3.199107E-01  5.636798E+06  1.635464E+06  9.376554E+04  1.557393E+05  5.959947E+05  4.024272E+04  2.696262E+04  1.368253E+04  1.470469E+06  8.048545E+02
3.273624E-01  5.480567E+06  1.564416E+06  8.809178E+04  1.659586E+05  6.229347E+05  4.483242E+04  2.123641E+04  1.533741E+04  1.488908E+06  1.573067E+03
3.349876E-01  5.333908E+06  1.611049E+06  9.531012E+04  1.671770E+05  5.537979E+05  3.881582E+04  2.613342E+04  2.113733E+04  1.445409E+06  7.686300E+02
3.427905E-01  5.226765E+06  1.550716E+06  9.126277E+04  1.551091E+05  5.588436E+05  4.018566E+04  1.727608E+04  1.276928E+04  1.427530E+06  2.253402E+03
3.507751E-01  5.058976E+06  1.514683E+06  8.588221E+04  1.501104E+05  5.483249E+05  4.624427E+04  2.605828E+04  2.202108E+04  1.375216E+06  3.670180E+02
3.589457E-01  4.957449E+06  1.445414E+06  9.361121E+04  1.434655E+05  5.530593E+05  3.586636E+04  2.008516E+04  1.470521E+04  1.365791E+06  7.173273E+02
3.673066E-01  4.916456E+06  1.422327E+06  8.236737E+04  1.405503E+05  5.695616E+05  3.224595E+04  1.787547E+04  1.542198E+04  1.326991E+06  1.401998E+03
3.758623E-01  4.753851E+06  1.396116E+06  7.398456E+04  1.277604E+05  5.110415E+05  3.801984E+04  1.712606E+04  1.507093E+04  1.327612E+06  1.027563E+03
3.846173E-01  4.575348E+06  1.455716E+06  7.096157E+04  1.318814E+05  4.943879E+05  3.280299E+04  1.974874E+04  1.439315E+04  1.276304E+06  0.000000E+00
3.935762E-01  4.470873E+06  1.357159E+06  7.948655E+04  1.154681E+05  5.115924E+05  3.761709E+04  1.962631E+04  1.406552E+04  1.218467E+06  0.000000E+00
4.027437E-01  4.435273E+06  1.345446E+06  7.639857E+04  1.320193E+05  4.948326E+05  3.324457E+04  2.237615E+04  1.342569E+04  1.206394E+06  1.917956E+03
4.121248E-01  4.325255E+06  1.281395E+06  7.091094E+04  1.180808E+05  4.663878E+05  3.155068E+04  2.217919E+04  1.436962E+04  1.177996E+06  0.000000E+00
4.217245E-01  4.223442E+06  1.242763E+06  7.723388E+04  1.227195E+05  4.707298E+05  3.419049E+04  1.984270E+04  1.343198E+04  1.117297E+06  6.105445E+02
4.315477E-01  4.143414E+06  1.217756E+06  6.891271E+04  1.264891E+05  4.522583E+05  3.162228E+04  1.849605E+04  1.163461E+04  1.103797E+06  1.193294E+03
4.415997E-01  4.015281E+06  1.195576E+06  7.375779E+04  1.154470E+05  4.714085E+05  3.061094E+04  1.924116E+04  1.049518E+04  1.123276E+06  8.745983E+02
4.518859E-01  3.866333E+06  1.177763E+06  6.780540E+04  1.094003E+05  4.150944E+05  3.276312E+04  1.680890E+04  1.367504E+04  1.079473E+06  5.697933E+02
4.624117E-01  3.845421E+06  1.132022E+06  5.818803E+04  9.800089E+04  4.354358E+05  3.647192E+04  1.642629E+04  1.085805E+04  1.071049E+06  0.000000E+00
4.731826E-01  3.738027E+06  1.114144E+06  6.665818E+04  1.080135E+05  4.282448E+05  2.829572E+04  1.523616E+04  9.794671E+03  1.048030E+06  5.441484E+02
4.842045E-01  3.720207E+06  1.103938E+06  6.062088E+04  1.034277E+05  4.041392E+05  2.605634E+04  1.754815E+04  1.116700E+04  9.930657E+05  1.063524E+03
4.954830E-01  3.624093E+06  1.086344E+06  6.781533E+04  1.036717E+05  3.972783E+05  2.780169E+04  1.662905E+04  9.353838E+03  1.014112E+06  0.000000E+00
5.070243E-01  3.520016E+06  1.034955E+06  5.941597E+04  1.155311E+05  3.836647E+05  2.818450E+04  1.650444E+04  1.091832E+04  9.661443E+05  2.539144E+02
5.188344E-01  3.390760E+06  1.034225E+06  5.483775E+04  9.826131E+04  3.821273E+05  2.704667E+04  1.339927E+04  9.925385E+03  9.592884E+05  1.488808E+03
5.309196E-01  3.263382E+06  9.697030E+05  5.771176E+04  9.602461E+04  3.819161E+05  2.352118E+04  2.012637E+04  1.042691E+04  9.025343E+05  9.699455E+02
5.432863E-01  3.262795E+06  1.002843E+06  5.023694E+04  9.052129E+04  3.675354E+05  2.203790E+04  1.872037E+04  1.255924E+04  9.011844E+05  0.000000E+00
5.559411E-01  3.145915E+06  9.760789E+05  5.395644E+04  9.587110E+04  3.631060E+05  2.848344E+04  1.296807E+04  1.435751E+04  8.968811E+05  2.315727E+02
5.688906E-01  3.130428E+06  9.282886E+05  4.888112E+04  9.097319E+04  3.516725E+05  2.625097E+04  1.357809E+04  9.052058E+03  8.957012E+05  4.526029E+02
5.821418E-01  3.048777E+06  9.137927E+05  4.843190E+04  9.288309E+04  3.259754E+05  2.631687E+04  1.304786E+04  7.297957E+03  8.624858E+05  2.211502E+02
5.957016E-01  2.962305E+06  8.955856E+05  4.819392E+04  7.931465E+04  3.280644E+05  2.377278E+04  1.404755E+04  8.212416E+03  8.365859E+05  0.000000E+00
6.095773E-01  2.896775E+06  8.792123E+05  5.005364E+04  8.468992E+04  3.172176E+05  2.471003E+04  1.457258E+04  8.447872E+03  8.031815E+05  0.000000E+00
6.237762E-01  2.873147E+06  8.542457E+05  4.994623E+04  8.854105E+04  3.120607E+05  2.249644E+04  1.135142E+04  9.081133E+03  7.958375E+05  1.031947E+03
6.383058E-01  2.810166E+06  8.146315E+05  4.356534E+04  8.692899E+04  3.033438E+05  2.178267E+04  1.250487E+04  6.857507E+03  7.668307E+05  6.050742E+02
6.531738E-01  2.732993E+06  8.398445E+05  4.415047E+04  8.199374E+04  3.068852E+05  2.187814E+04  1.123472E+04  9.263716E+03  7.805173E+05  5.913010E+02
6.683882E-01  2.618392E+06  7.926057E+05  4.295287E+04  7.608244E+04  2.742820E+05  1.502387E+04  9.438075E+03  8.089779E+03  7.290432E+05  1.926138E+02
6.839570E-01  2.599071E+06  7.803989E+05  3.933994E+04  7.058601E+04  2.893085E+05  1.938762E+04  1.430543E+04  8.658550E+03  7.252477E+05  0.000000E+00
6.998884E-01  2.506431E+06  7.556450E+05  4.856141E+04  7.523340E+04  2.834588E+05  2.004998E+04  1.158852E+04  7.725679E+03  6.980703E+05  0.000000E+00
7.161909E-01  2.499710E+06  7.456347E+05  4.583820E+04  7.567797E+04  2.685579E+05  1.995310E+04  1.222352E+04  8.089094E+03  6.832588E+05  3.595153E+02
7.328731E-01  2.428405E+06  7.263783E+05  4.057881E+04  6.903668E+04  2.650798E+05  1.949891E+04  1.036429E+04  6.323971E+03  6.733272E+05  7.026634E+02
7.499439E-01  2.341884E+06  6.943939E+05  4.102846E+04  6.557688E+04  2.549258E+05  1.819672E+04  1.081503E+04  8.068359E+03  6.923339E+05  1.716672E+02
7.674123E-01  2.302500E+06  7.097908E+05  4.009454E+04  6.626504E+04  2.554979E+05  1.627268E+04  1.073661E+04  7.549182E+03  6.530881E+05  3.355192E+02
7.852877E-01  2.256483E+06  6.929783E+05  3.983764E+04  5.901873E+04  2.516493E+05  1.737774E+04  9.672514E+03  6.065814E+03  6.303528E+05  6.557637E+02
8.035794E-01  2.190700E+06  6.693539E+05  4.085334E+04  6.536534E+04  2.411148E+05  1.890468E+04  9.292132E+03  8.170667E+03  6.252964E+05  6.408367E+02
8.222971E-01  2.199858E+06  6.578750E+05  3.804465E+04  6.888744E+04  2.406363E+05  1.596936E+04  9.393742E+03  9.080617E+03  6.008863E+05  0.000000E+00
8.414509E-01  2.082922E+06  6.479489E+05  3.457768E+04  6.165842E+04  2.301098E+05  1.637085E+04  1.025090E+04  7.190933E+03  5.942464E+05  4.589957E+02
8.610508E-01  2.058236E+06  6.237803E+05  3.872462E+04  6.219861E+04  2.359361E+05  1.719433E+04  1.121369E+04  6.429183E+03  5.861023E+05  2.990318E+02
8.811073E-01  2.009777E+06  6.012529E+05  3.287531E+04  5.552275E+04  2.118631E+05  1.636460E+04  8.912862E+03  6.721175E+03  5.724688E+05  4.383375E+02
9.016309E-01  1.928618E+06  5.805702E+05  3.341206E+04  5.197431E+04  2.228898E+05  1.484980E+04  9.995060E+03  7.567688E+03  5.540119E+05  5.711463E+02
9.226326E-01  1.870485E+06  5.847968E+05  3.307011E+04  5.846573E+04  2.186535E+05  1.786065E+04  8.511717E+03  6.000063E+03  5.285637E+05  1.395363E+02
9.441234E-01  1.874406E+06  5.807577E+05  3.340823E+04  4.963508E+04  2.128581E+05  1.554505E+04  8.999768E+03  5.454405E+03  5.143504E+05  9.545208E+02
9.661149E-01  1.835604E+06  5.592762E+05  3.291428E+04  5.117037E+04  2.138762E+05  1.559097E+04  6.529553E+03  6.263040E+03  5.208984E+05  0.000000E+00
9.886186E-01  1.780538E+06  5.458944E+05  3.320684E+04  5.326117E+04  1.884325E+05  1.328274E+04  9.376049E+03  6.771591E+03  4.892474E+05  2.604458E+02
1.011646E+00  1.713920E+06  5.243057E+05  3.168741E+04  5.204879E+04  1.924151E+05  1.387119E+04  6.744709E+03  5.090347E+03  4.918547E+05  2.545173E+02
1.035211E+00  1.727636E+06  5.118736E+05  3.071739E+04  5.297817E+04  1.839313E+05  1.318236E+04  8.580971E+03  6.839905E+03  4.744407E+05  3.730857E+02
1.059324E+00  1.662181E+06  4.964545E+05  3.147655E+04  5.092152E+04  1.866717E+05  1.239617E+04  8.264113E+03  5.590430E+03  4.723913E+05  6.076554E+02
1.083999E+00  1.603442E+06  4.899044E+05  2.470306E+04  4.857476E+04  1.804036E+05  1.294535E+04  6.532058E+03  4.394294E+03  4.491681E+05  2.375294E+02
1.109248E+00  1.583772E+06  4.818864E+05  2.866714E+04  4.712088E+04  1.745562E+05  1.253462E+04  6.963677E+03  6.615493E+03  4.378992E+05  0.000000E+00
1.135086E+00  1.540349E+06  4.719381E+05  2.517911E+04  4.695563E+04  1.720572E+05  1.100168E+04  8.166197E+03  4.083099E+03  4.249825E+05  3.402582E+02
1.161526E+00  1.518254E+06  4.678458E+05  2.560350E+04  4.621931E+04  1.680299E+05  1.330052E+04  5.320208E+03  6.761097E+03  4.239541E+05  1.108377E+02
1.188581E+00  1.475354E+06  4.609873E+05  2.610384E+04  4.560048E+04  1.675628E+05  1.180630E+04  4.115958E+03  6.607196E+03  4.257850E+05  1.083147E+02
1.216267E+00  1.445793E+06  4.347224E+05  2.286342E+04  3.831739E+04  1.535871E+05  1.301944E+04  6.350949E+03  5.504156E+03  4.208562E+05  3.175474E+02
1.244597E+00  1.414228E+06  4.329987E+05  2.399802E+04  4.530660E+04  1.546424E+05  1.117149E+04  6.930462E+03  5.482305E+03  3.937950E+05  0.000000E+00
1.273587E+00  1.362122E+06  4.319368E+05  2.476586E+04  3.972646E+04  1.616352E+05  9.906345E+03  6.469450E+03  4.447747E+03  3.971636E+05  3.032554E+02
1.303253E+00  1.340205E+06  4.106458E+05  2.351063E+04  3.684650E+04  1.512386E+05  1.076747E+04  6.223403E+03  3.259878E+03  3.826899E+05  2.963525E+02
1.333610E+00  1.292997E+06  4.016845E+05  2.316854E+04  4.054494E+04  1.530089E+05  9.750092E+03  6.274812E+03  4.344101E+03  3.774541E+05  2.896067E+02
1.364674E+00  1.275640E+06  3.921637E+05  2.245248E+04  3.613151E+04  1.463185E+05  9.716829E+03  6.131980E+03  4.433893E+03  3.654660E+05  9.433815E+01
1.396461E+00  1.260340E+06  3.836979E+05  2.101949E+04  3.954983E+04  1.396690E+05  9.311266E+03  3.964202E+03  3.318867E+03  3.499561E+05  3.687630E+02
1.428989E+00  1.228318E+06  3.762252E+05  2.504564E+04  3.774865E+04  1.431566E+05  1.018042E+04  4.594704E+03  3.873966E+03  3.527111E+05  2.702767E+02
1.462274E+00  1.211363E+06  3.766415E+05  1.989738E+04  3.239927E+04  1.311818E+05  9.860646E+03  4.314033E+03  4.225991E+03  3.313881E+05  8.804148E+01
1.496335E+00  1.155396E+06  3.514628E+05  2.030483E+04  3.699609E+04  1.325837E+05  1.109883E+04  6.366769E+03  3.269422E+03  3.426870E+05  2.581122E+02
1.531189E+00  1.131282E+06  3.456486E+05  1.984264E+04  3.497685E+04  1.346945E+05  9.164607E+03  4.876580E+03  4.288027E+03  3.239563E+05  2.522369E+02
1.566855E+00  1.124922E+06  3.367947E+05  1.930880E+04  3.171573E+04  1.271916E+05  6.244547E+03  4.436915E+03  3.615264E+03  3.145280E+05  8.216509E+01
1.603352E+00  1.085023E+06  3.360337E+05  1.750426E+04  3.412528E+04  1.257416E+05  8.671837E+03  5.299456E+03  2.810318E+03  3.030325E+05  8.029479E+01
1.640699E+00  1.070134E+06  3.339558E+05  1.796896E+04  3.334850E+04  1.191130E+05  8.866777E+03  4.864957E+03  3.923353E+03  3.029613E+05  5.492694E+02
1.678915E+00  1.053826E+06  3.131649E+05  1.778998E+04  2.982888E+04  1.206958E+05  7.514731E+03  4.447494E+03  4.064089E+03  2.980588E+05  2.300428E+02
1.718022E+00  1.006158E+06  3.112819E+05  1.850906E+04  3.379589E+04  1.186978E+05  7.943158E+03  5.919901E+03  2.922483E+03  2.825816E+05  1.498709E+02
1.758040E+00  9.907981E+05  3.050750E+05  1.618377E+04  3.119586E+04  1.079406E+05  9.373404E+03  4.540242E+03  2.782729E+03  2.863282E+05  4.393783E+02
1.798990E+00  9.574388E+05  3.007069E+05  1.982290E+04  2.998482E+04  1.064139E+05  7.442532E+03  4.580020E+03  2.146884E+03  2.757315E+05  2.146884E+02
1.840894E+00  9.435473E+05  2.874281E+05  1.783313E+04  2.958201E+04  1.070687E+05  6.993384E+03  4.965302E+03  2.517618E+03  2.595944E+05  2.098015E+02
1.883774E+00  9.263751E+05  2.866261E+05  1.578699E+04  2.808854E+04  1.050416E+05  7.312588E+03  4.920620E+03  1.913575E+03  2.618180E+05  6.834195E+01
1.927653E+00  9.213837E+05  2.754935E+05  1.569478E+04  2.778310E+04  1.055223E+05  8.682218E+03  3.740033E+03  2.871811E+03  2.595983E+05  1.335726E+02
1.972553E+00  8.843550E+05  2.688309E+05  1.514172E+04  2.617169E+04  1.016845E+05  6.722404E+03  3.263303E+03  3.132771E+03  2.488595E+05  1.305321E+02
2.018500E+00  8.645436E+05  2.625202E+05  1.435059E+04  2.806338E+04  9.375721E+04  6.952065E+03  3.699264E+03  1.913413E+03  2.440239E+05  1.275608E+02
2.065517E+00  8.476689E+05  2.629020E+05  1.383695E+04  2.574171E+04  9.293194E+04  7.479432E+03  4.612316E+03  1.994515E+03  2.466343E+05  0.000000E+00
2.113629E+00  8.216126E+05  2.585013E+05  1.431381E+04  2.485121E+04  9.453205E+04  6.517351E+03  3.959139E+03  2.984581E+03  2.326146E+05  6.090983E+01
2.162862E+00  7.967795E+05  2.477957E+05  1.440465E+04  2.369029E+04  8.940407E+04  6.547568E+03  4.166634E+03  2.202364E+03  2.342244E+05  5.952335E+01
2.213241E+00  7.779446E+05  2.379671E+05  1.401859E+04  2.274386E+04  9.254598E+04  6.224022E+03  2.675748E+03  2.384906E+03  2.177826E+05  5.816843E+01
2.264794E+00  7.741065E+05  2.387463E+05  1.358580E+04  2.370410E+04  8.646027E+04  6.650790E+03  3.638039E+03  2.216930E+03  2.152696E+05  5.684436E+01
2.317548E+00  7.387651E+05  2.340895E+05  1.161004E+04  2.394223E+04  8.354783E+04  5.777244E+03  3.721878E+03  2.055366E+03  2.113138E+05  1.666513E+02
2.371531E+00  7.309602E+05  2.285981E+05  1.373434E+04  2.339724E+04  8.370892E+04  5.645738E+03  3.202870E+03  2.605725E+03  2.071551E+05  5.428594E+01
2.426771E+00  7.127830E+05  2.170285E+05  1.305036E+04  2.137925E+04  8.535784E+04  5.676376E+03  3.448266E+03  1.750658E+03  2.023336E+05  1.591507E+02
2.483298E+00  6.920478E+05  2.113626E+05  1.316804E+04  2.275893E+04  8.206695E+04  5.961907E+03  3.940043E+03  2.229235E+03  1.975724E+05  1.555280E+02
2.541141E+00  6.763455E+05  2.095911E+05  1.175372E+04  2.087299E+04  7.827370E+04  5.471559E+03  3.191743E+03  2.127829E+03  1.917072E+05  1.519878E+02
2.600332E+00  6.707034E+05  2.048202E+05  1.287243E+04  2.099197E+04  7.371944E+04  5.545049E+03  2.723015E+03  1.782337E+03  1.899674E+05  9.901873E+01
2.660901E+00  6.591134E+05  1.962390E+05  9.628096E+03  1.954649E+04  7.513786E+04  5.225299E+03  3.144856E+03  2.128825E+03  1.861271E+05  9.676479E+01
2.722882E+00  6.283182E+05  2.048689E+05  1.040184E+04  2.051999E+04  7.427857E+04  6.004697E+03  2.978708E+03  2.269492E+03  1.815593E+05  4.728108E+01
2.786306E+00  6.193295E+05  1.886543E+05  9.656809E+03  1.751163E+04  6.930724E+04  5.683194E+03  2.402651E+03  2.079217E+03  1.765024E+05  4.620483E+01
2.851207E+00  6.105599E+05  1.878820E+05  1.015944E+04  1.833215E+04  7.034849E+04  5.689288E+03  2.934950E+03  2.393113E+03  1.717623E+05  9.030616E+01
2.917620E+00  5.947645E+05  1.899593E+05  1.063419E+04  1.928274E+04  6.870304E+04  5.162656E+03  2.868142E+03  1.632635E+03  1.693969E+05  1.323758E+02
2.985580E+00  5.801911E+05  1.831343E+05  9.486588E+03  1.776579E+04  6.584554E+04  5.433228E+03  2.802856E+03  1.983559E+03  1.633849E+05  1.724834E+02
3.055124E+00  5.643296E+05  1.795556E+05  1.057697E+04  1.694000E+04  6.679080E+04  4.635323E+03  2.191244E+03  1.938408E+03  1.622785E+05  0.000000E+00
3.126287E+00  5.627260E+05  1.742742E+05  9.965583E+03  1.676030E+04  6.510573E+04  4.776891E+03  2.347265E+03  1.853104E+03  1.502250E+05  1.235403E+02
3.199107E+00  5.425524E+05  1.665244E+05  1.066432E+04  1.609709E+04  6.209452E+04  4.668156E+03  2.535292E+03  2.052379E+03  1.514334E+05  0.000000E+00
3.273624E+00  5.190729E+05  1.643069E+05  9.202445E+03  1.730374E+04  6.280472E+04  4.286609E+03  2.084314E+03  1.769701E+03  1.483796E+05  7.865337E+01
3.349876E+00  5.132527E+05  1.596060E+05  8.954540E+03  1.556476E+04  5.776255E+04  4.688643E+03  2.459616E+03  1.614123E+03  1.443872E+05  1.152945E+02
3.427905E+00  5.060389E+05  1.558603E+05  8.750710E+03  1.547336E+04  5.881378E+04  3.981010E+03  2.666525E+03  1.276928E+03  1.392227E+05  1.126701E+02
3.507751E+00  4.938227E+05  1.519087E+05  8.074396E+03  1.409349E+04  5.563993E+04  3.596776E+03  2.605828E+03  1.468072E+03  1.381823E+05  1.468072E+02
3.589457E+00  4.822233E+05  1.499573E+05  8.285130E+03  1.542254E+04  5.412234E+04  4.017033E+03  2.151982E+03  1.470521E+03  1.338533E+05  3.586636E+01
3.673066E+00  4.733846E+05  1.469294E+05  7.921288E+03  1.475603E+04  4.984102E+04  3.469945E+03  2.278247E+03  1.822597E+03  1.329094E+05  3.504995E+01
3.758623E+00  4.631913E+05  1.434136E+05  8.014994E+03  1.164572E+04  5.452936E+04  4.076001E+03  2.123631E+03  1.644101E+03  1.297127E+05  6.850422E+01
3.846173E+00  4.363802E+05  1.399817E+05  7.999913E+03  1.241827E+04  5.151408E+04  3.849330E+03  1.974874E+03  1.037646E+03  1.275969E+05  1.338898E+02
3.935762E+00  4.370125E+05  1.361739E+05  7.883234E+03  1.386926E+04  4.998166E+04  3.303762E+03  1.962631E+03  1.406552E+03  1.213233E+05  3.271051E+01
4.027437E+00  4.336498E+05  1.340971E+05  7.448062E+03  1.323390E+04  4.874804E+04  3.196593E+03  1.630262E+03  1.054876E+03  1.188813E+05  9.589779E+01
4.121248E+00  4.129391E+05  1.297951E+05  7.590906E+03  1.233913E+04  4.592030E+04  3.748596E+03  1.530677E+03  1.280770E+03  1.181432E+05  6.247659E+01
4.217245E+00  4.044247E+05  1.286723E+05  6.960208E+03  1.208878E+04  4.597400E+04  3.754849E+03  1.770579E+03  1.221089E+03  1.130118E+05  1.221089E+02
4.315477E+00  3.960840E+05  1.254748E+05  6.652612E+03  1.270858E+04  4.418170E+04  3.132396E+03  1.819773E+03  1.193294E+03  1.123784E+05  8.949703E+01
4.415997E+00  3.839778E+05  1.185955E+05  6.238801E+03  1.282744E+04  4.361330E+04  3.177707E+03  2.011576E+03  1.661737E+03  1.131730E+05  2.915328E+01
4.518859E+00  3.735565E+05  1.155826E+05  6.524133E+03  1.230754E+04  4.236413E+04  2.905946E+03  1.595421E+03  1.196566E+03  1.092009E+05  1.139587E+02
4.624117E+00  3.772199E+05  1.134806E+05  6.626197E+03  1.096942E+04  4.348789E+04  2.589228E+03  1.614787E+03  9.744407E+02  1.051004E+05  8.352349E+01
4.731826E+00  3.635183E+05  1.145977E+05  6.584196E+03  1.071972E+04  4.059347E+04  2.775157E+03  2.285423E+03  1.387578E+03  9.949753E+04  0.000000E+00
4.842045E+00  3.537015E+05  1.102343E+05  5.530325E+03  1.124677E+04  3.990874E+04  3.031044E+03  1.861167E+03  1.249641E+03  9.991809E+04  2.658810E+01
4.954830E+00  3.453385E+05  1.071014E+05  5.586320E+03  1.049709E+04  4.074116E+04  2.364442E+03  1.948716E+03  1.351110E+03  9.486351E+04  1.039315E+02
5.070243E+00  3.428606E+05  1.044096E+05  6.754123E+03  9.902662E+03  3.844264E+04  3.046973E+03  1.396529E+03  1.066441E+03  9.110449E+04  5.078288E+01
5.188344E+00  3.348329E+05  1.021074E+05  5.831163E+03  1.047128E+04  3.605396E+04  2.704667E+03  1.240673E+03  9.429115E+02  9.195869E+04  7.444039E+01
5.309196E+00  3.246893E+05  9.706730E+04  5.164960E+03  9.966190E+03  3.678518E+04  2.837091E+03  1.794399E+03  1.212432E+03  9.088390E+04  9.699455E+01
5.432863E+00  3.154501E+05  9.741702E+04  5.616111E+03  9.597152E+03  3.476302E+04  2.914691E+03  1.563980E+03  1.279620E+03  8.898100E+04  1.658767E+02
5.559411E+00  3.097285E+05  9.360168E+04  5.673531E+03  9.286065E+03  3.543062E+04  2.246255E+03  1.366279E+03  1.389436E+03  8.426930E+04  6.947181E+01
5.688906E+00  2.944182E+05  9.212732E+04  5.589646E+03  9.459401E+03  3.344736E+04  2.806138E+03  1.222028E+03  1.108877E+03  8.119696E+04  1.357809E+02
5.821418E+00  2.945942E+05  8.735433E+04  4.644154E+03  8.447938E+03  3.266389E+04  2.388422E+03  1.349016E+03  9.067159E+02  8.242268E+04  6.634506E+01
5.957016E+00  2.844954E+05  9.007724E+04  5.381294E+03  8.039523E+03  3.198520E+04  2.247609E+03  1.361532E+03  8.212416E+02  7.788828E+04  6.483487E+01
6.095773E+00  2.786742E+05  8.464768E+04  4.371774E+03  8.342274E+03  3.216527E+04  2.090848E+03  1.288301E+03  8.236676E+02  7.683340E+04  4.223936E+01
6.237762E+00  2.718561E+05  8.348451E+04  5.097818E+03  8.111103E+03  3.194908E+04  2.373478E+03  1.320892E+03  9.287522E+02  7.729282E+04  1.031947E+02
6.383058E+00  2.717388E+05  8.299601E+04  5.344822E+03  8.007148E+03  3.051591E+04  2.359789E+03  1.250487E+03  9.277804E+02  7.291144E+04  1.008457E+02
6.531738E+00  2.621829E+05  8.016071E+04  4.789538E+03  8.534444E+03  2.924969E+04  1.813323E+03  9.657916E+02  8.278214E+02  7.296654E+04  3.942007E+01
6.683882E+00  2.542309E+05  7.822046E+04  3.755969E+03  7.954949E+03  2.898837E+04  2.234320E+03  1.136421E+03  8.667620E+02  6.997659E+04  0.000000E+00
6.839570E+00  2.470134E+05  7.802107E+04  3.933994E+03  7.133893E+03  2.936378E+04  1.976408E+03  1.110553E+03  8.282092E+02  6.900488E+04  5.646881E+01
6.998884E+00  2.408940E+05  7.574844E+04  4.561829E+03  7.302606E+03  2.582584E+04  2.152153E+03  1.250824E+03  7.541734E+02  6.564988E+04  0.000000E+00
7.161909E+00  2.381249E+05  7.278387E+04  4.080498E+03  7.154354E+03  2.671199E+04  2.031261E+03  1.006643E+03  7.909336E+02  6.388587E+04  8.987882E+01
7.328731E+00  2.360773E+05  7.135547E+04  3.583583E+03  7.237433E+03  2.582288E+04  1.932324E+03  1.071562E+03  6.850968E+02  6.288838E+04  0.000000E+00
7.499439E+00  2.236309E+05  7.028056E+04  3.519178E+03  7.295857E+03  2.459991E+04  1.939840E+03  9.956698E+02  8.411693E+02  6.080453E+04  3.433344E+01
7.674123E+00  2.204697E+05  7.029127E+04  4.110110E+03  6.358088E+03  2.482842E+04  1.476284E+03  1.207869E+03  6.207105E+02  5.963853E+04  3.355192E+01
7.852877E+00  2.163200E+05  6.518291E+04  4.016552E+03  6.213361E+03  2.313206E+04  1.737774E+03  8.688869E+02  5.410050E+02  5.939579E+04  0.000000E+00
8.035794E+00  2.125655E+05  6.509298E+04  3.716853E+03  5.943760E+03  2.292593E+04  1.505966E+03  1.265652E+03  6.888994E+02  5.690630E+04  0.000000E+00
8.222971E+00  2.021377E+05  6.527085E+04  3.898403E+03  5.745839E+03  2.335910E+04  1.596936E+03  1.189874E+03  7.358431E+02  5.562661E+04  3.131247E+01
8.414509E+00  2.009177E+05  6.098523E+04  3.564867E+03  6.181142E+03  2.259789E+04  1.575885E+03  7.955925E+02  6.425940E+02  5.604337E+04  4.589957E+01
8.610508E+00  1.957014E+05  5.958208E+04  3.558478E+03  5.621798E+03  2.148543E+04  1.390498E+03  8.671922E+02  7.176763E+02  5.448359E+04  4.485477E+01
8.811073E+00  1.916265E+05  5.845961E+04  3.287531E+03  6.078280E+03  2.169771E+04  1.504959E+03  9.205087E+02  4.821712E+02  5.229366E+04  4.383375E+01
9.016309E+00  1.867506E+05  5.514417E+04  3.084190E+03  5.525840E+03  2.096107E+04  1.741996E+03  5.997036E+02  7.567688E+02  4.947555E+04  7.139328E+01
9.226326E+00  1.815368E+05  5.607966E+04  3.237243E+03  5.414010E+03  2.030254E+04  1.381410E+03  1.018615E+03  6.558208E+02  5.014936E+04  0.000000E+00
9.441234E+00  1.753318E+05  5.484404E+04  3.068103E+03  5.140776E+03  1.960858E+04  1.390873E+03  7.090726E+02  5.863485E+02  4.779422E+04  0.000000E+00
9.661149E+00  1.733396E+05  5.244963E+04  2.904985E+03  4.997107E+03  1.914891E+04  1.199306E+03  7.595602E+02  5.196991E+02  4.665299E+04  0.000000E+00
9.886186E+00  1.697976E+05  5.169849E+04  3.190461E+03  5.091715E+03  1.866094E+04  1.341296E+03  6.120476E+02  5.860030E+02  4.590357E+04  2.604458E+01
1.011646E+01  1.663016E+05  5.010174E+04  3.117837E+03  4.924910E+03  1.882156E+04  1.361668E+03  6.999226E+02  3.817760E+02  4.605491E+04  0.000000E+00
1.035211E+01  1.632747E+05  5.067748E+04  2.885196E+03  5.335126E+03  1.835582E+04  1.293364E+03  6.964267E+02  5.223200E+02  4.406142E+04  2.487238E+01
1.059324E+01  1.593029E+05  4.790755E+04  2.588612E+03  4.812631E+03  1.776784E+04  1.239617E+03  6.927272E+02  4.375119E+02  4.280325E+04  4.861243E+01
1.083999E+01  1.552611E+05  4.718521E+04  2.790970E+03  4.999994E+03  1.730402E+04  1.282659E+03  7.719705E+02  5.344411E+02  4.175767E+04  4.750588E+01
1.109248E+01  1.517501E+05  4.741103E+04  2.309619E+03  4.514784E+03  1.696816E+04  1.160613E+03  4.990635E+02  5.803064E+02  4.125979E+04  3.481838E+01
1.135086E+01  1.489877E+05  4.523166E+04  2.676698E+03  4.570802E+03  1.659326E+04  1.292981E+03  6.918584E+02  4.196518E+02  3.956069E+04  1.134194E+01
1.161526E+01  1.439670E+05  4.364787E+04  2.649020E+03  4.289418E+03  1.675865E+04  1.318968E+03  6.096071E+02  3.768481E+02  3.856042E+04  4.433506E+01
1.188581E+01  1.410474E+05  4.321756E+04  2.317934E+03  4.440902E+03  1.639884E+04  1.213125E+03  6.498881E+02  2.707867E+02  3.623126E+04  0.000000E+00
1.216267E+01  1.376251E+05  4.059315E+04  2.498040E+03  4.233966E+03  1.501999E+04  1.238435E+03  8.256233E+02  4.551513E+02  3.636977E+04  0.000000E+00
1.244597E+01  1.353198E+05  4.015530E+04  2.254986E+03  3.992773E+03  1.517461E+04  1.272309E+03  5.171986E+02  3.827270E+02  3.547983E+04  1.034397E+01
1.273587E+01  1.312085E+05  4.003983E+04  2.102571E+03  4.033297E+03  1.444507E+04  1.051286E+03  5.964024E+02  2.931469E+02  3.438917E+04  3.032554E+01
1.303253E+01  1.282811E+05  4.005698E+04  2.173252E+03  3.901975E+03  1.434346E+04  8.791791E+02  5.037993E+02  4.445288E+02  3.349771E+04  3.951367E+01
1.333610E+01  1.256217E+05  3.794813E+04  2.326507E+03  3.822808E+03  1.426796E+04  9.846628E+02  5.116385E+02  4.537172E+02  3.202085E+04  0.000000E+00
1.364674E+01  1.209415E+05  3.711263E+04  2.245248E+03  3.830129E+03  1.309414E+04  1.037720E+03  5.282936E+02  3.584850E+02  3.153724E+04  1.886763E+01
1.396461E+01  1.170454E+05  3.715287E+04  1.982101E+03  3.466372E+03  1.304499E+04  1.060194E+03  5.531445E+02  3.503249E+02  3.161221E+04  3.687630E+01
1.428989E+01  1.177956E+05  3.528913E+04  1.756799E+03  3.387468E+03  1.307238E+04  9.009223E+02  6.126272E+02  3.153228E+02  2.995567E+04  3.603689E+01
1.462274E+01  1.135119E+05  3.416010E+04  1.681592E+03  3.319164E+03  1.201766E+04  9.772605E+02  5.194448E+02  4.225991E+02  2.926499E+04  1.760830E+01
1.496335E+01  1.099300E+05  3.454402E+04  2.107917E+03  3.338252E+03  1.210546E+04  7.313180E+02  5.076208E+02  3.183384E+02  2.945921E+04  1.720748E+01
1.531189E+01  1.086216E+05  3.249652E+04  1.622724E+03  2.867093E+03  1.109842E+04  8.912370E+02  4.708422E+02  2.858685E+02  2.757790E+04  0.000000E+00
1.566855E+01  1.053521E+05  3.204439E+04  1.503621E+03  3.155140E+03  1.177426E+04  8.545170E+02  5.998052E+02  3.779594E+02  2.701588E+04  1.643302E+01
1.603352E+01  9.958963E+04  3.181280E+04  1.646043E+03  3.003025E+03  1.132959E+04  7.547710E+02  4.095034E+02  3.131497E+02  2.635275E+04  0.000000E+00
1.640699E+01  9.809951E+04  3.018628E+04  1.718429E+03  3.185762E+03  1.108739E+04  8.082107E+02  5.728095E+02  2.824814E+02  2.484267E+04  7.846706E+00
1.678915E+01  9.825894E+04  2.992857E+04  1.694648E+03  2.883203E+03  1.066632E+04  8.588264E+02  3.910727E+02  3.067237E+02  2.541973E+04  0.000000E+00
1.718022E+01  9.487578E+04  2.945713E+04  1.753490E+03  3.034886E+03  1.060337E+04  7.643417E+02  4.720934E+02  2.922483E+02  2.400932E+04  1.498709E+01
1.758040E+01  9.373404E+04  2.837652E+04  1.501209E+03  2.606978E+03  1.042791E+04  7.615891E+02  4.686702E+02  3.222108E+02  2.492007E+04  0.000000E+00
1.798990E+01  8.996160E+04  2.762324E+04  1.538600E+03  2.855356E+03  9.975855E+03  5.367210E+02  3.721266E+02  2.790949E+02  2.279275E+04  1.431256E+01
1.840894E+01  8.870408E+04  2.683361E+04  1.566518E+03  2.489645E+03  9.734790E+03  7.133251E+02  4.615633E+02  2.797353E+02  2.283340E+04  0.000000E+00
1.883774E+01  8.623387E+04  2.588793E+04  1.312165E+03  2.398802E+03  9.513199E+03  6.765853E+02  3.485439E+02  2.733678E+02  2.111766E+04  2.050258E+01
1.927653E+01  8.397041E+04  2.557915E+04  1.355762E+03  2.631380E+03  9.156401E+03  6.277912E+02  3.205742E+02  2.404307E+02  2.109111E+04  6.678630E+00
1.972553E+01  8.237881E+04  2.556471E+04  1.233528E+03  2.571483E+03  9.346099E+03  6.330807E+02  4.372826E+02  2.806440E+02  2.114620E+04  0.000000E+00
2.018500E+01  8.039522E+04  2.454908E+04  1.358523E+03  2.353497E+03  8.942015E+03  7.143407E+02  3.189021E+02  2.742558E+02  1.989949E+04  1.275608E+01
2.065517E+01  7.875842E+04  2.424582E+04  1.483421E+03  2.200199E+03  8.482922E+03  5.921217E+02  2.929444E+02  2.243830E+02  1.939666E+04  1.246572E+01
2.113629E+01  7.593628E+04  2.350510E+04  1.157287E+03  2.144026E+03  8.496921E+03  6.212802E+02  2.740942E+02  2.314573E+02  1.904041E+04  1.218197E+01
2.162862E+01  7.442204E+04  2.210697E+04  1.255943E+03  2.130936E+03  8.196365E+03  6.011858E+02  3.154737E+02  2.440457E+02  1.870224E+04  5.952335E+00
2.213241E+01  7.360633E+04  2.210400E+04  1.285522E+03  2.239485E+03  7.835288E+03  5.991348E+02  3.664611E+02  2.850253E+02  1.825907E+04  5.816843E+00
2.264794E+01  7.101565E+04  2.085619E+04  1.409740E+03  1.995237E+03  7.816099E+03  5.570747E+02  3.410661E+02  2.330619E+02  1.784913E+04  5.684436E+00
2.317548E+01  7.006575E+04  2.093695E+04  1.133229E+03  2.116471E+03  7.665958E+03  5.221740E+02  3.333025E+02  2.721971E+02  1.712619E+04  1.666513E+01
2.371531E+01  6.736342E+04  2.033008E+04  1.254005E+03  1.910865E+03  7.013743E+03  5.537166E+02  2.225724E+02  2.171438E+02  1.619350E+04  1.628578E+01
2.426771E+01  6.576108E+04  1.955432E+04  1.161800E+03  1.909809E+03  7.029157E+03  5.570275E+02  2.599462E+02  1.697608E+02  1.574001E+04  5.305024E+00
2.483298E+01  6.333619E+04  1.923363E+04  1.114617E+03  2.016680E+03  6.744731E+03  4.665840E+02  2.488448E+02  1.814493E+02  1.549059E+04  2.073707E+01
2.541141E+01  6.179316E+04  1.908460E+04  1.028451E+03  1.996106E+03  6.844515E+03  4.356982E+02  2.685117E+02  1.975841E+02  1.466175E+04  5.066259E+00
2.600332E+01  6.202038E+04  1.828876E+04  9.357270E+02  1.945718E+03  6.738225E+03  4.703390E+02  2.128903E+02  1.683318E+02  1.479835E+04  9.901873E+00
2.660901E+01  6.074410E+04  1.803212E+04  8.999125E+02  1.794987E+03  6.202623E+03  5.322063E+02  3.096473E+02  2.080443E+02  1.418088E+04  0.000000E+00
2.722882E+01  5.831648E+04  1.790534E+04  9.125248E+02  1.631197E+03  6.392402E+03  4.255297E+02  2.222211E+02  1.843962E+02  1.337109E+04  4.728108E+00
2.786306E+01  5.528408E+04  1.696179E+04  9.656809E+02  1.741922E+03  5.974284E+03  3.465362E+02  2.587470E+02  1.432350E+02  1.321458E+04  9.240966E+00
2.851207E+01  5.456749E+04  1.602031E+04  8.579085E+02  1.634541E+03  6.199518E+03  4.741073E+02  2.483419E+02  1.354592E+02  1.321179E+04  4.515308E+00
2.917620E+01  5.331656E+04  1.599541E+04  9.663434E+02  1.707648E+03  5.824535E+03  3.927149E+02  2.515140E+02  1.500259E+02  1.276985E+04  8.825054E+00
2.985580E+01  5.302140E+04  1.596334E+04  7.503029E+02  1.487669E+03  5.709201E+03  4.139602E+02  2.802856E+02  1.164263E+02  1.217733E+04  1.293626E+01
3.055124E+01  5.049553E+04  1.567161E+04  7.669353E+02  1.369527E+03  5.553960E+03  3.834677E+02  1.854129E+02  1.601294E+02  1.165573E+04  2.106965E+01
3.126287E+01  4.944494E+04  1.455305E+04  8.359560E+02  1.350707E+03  5.332822E+03  3.994469E+02  2.264905E+02  1.688384E+02  1.171986E+04  2.059005E+01
3.199107E+01  4.773592E+04  1.427007E+04  7.766845E+02  1.332034E+03  5.243627E+03  3.903544E+02  2.213350E+02  1.207282E+02  1.125991E+04  0.000000E+00
3.273624E+01  4.693640E+04  1.411435E+04  7.196784E+02  1.333175E+03  4.884374E+03  3.382095E+02  1.887681E+02  1.651721E+02  1.059854E+04  1.179801E+01
3.349876E+01  4.590643E+04  1.345103E+04  9.031403E+02  1.264396E+03  4.953821E+03  3.650993E+02  2.344322E+02  1.114514E+02  1.046105E+04  3.843150E+00
3.427905E+01  4.490278E+04  1.324625E+04  8.037133E+02  1.254394E+03  4.769700E+03  3.380102E+02  1.802721E+02  1.201814E+02  1.001637E+04  1.126701E+01
3.507751E+01  4.378892E+04  1.328972E+04  7.230254E+02  1.284563E+03  4.613416E+03  3.633478E+02  1.688283E+02  9.909486E+01  1.012236E+04  3.670180E+00
3.589457E+01  4.250882E+04  1.238107E+04  6.778743E+02  1.266083E+03  4.443843E+03  3.765968E+02  1.362922E+02  1.219456E+02  9.368294E+03  7.173273E+00
3.673066E+01  4.207045E+04  1.296498E+04  7.781088E+02  1.286333E+03  4.318153E+03  3.364795E+02  1.857647E+02  1.331898E+02  9.232156E+03  7.009989E+00
3.758623E+01  3.996879E+04  1.158749E+04  6.747666E+02  1.113194E+03  4.216435E+03  3.116942E+02  1.986622E+02  1.267328E+02  9.323425E+03  0.000000E+00
3.846173E+01  3.908577E+04  1.161494E+04  6.426708E+02  1.171535E+03  4.020040E+03  2.577378E+02  1.606677E+02  1.071118E+02  8.568944E+03  0.000000E+00
3.935762E+01  3.887317E+04  1.155335E+04  6.836497E+02  1.036923E+03  4.082272E+03  3.630867E+02  1.341131E+02  8.831839E+01  8.534173E+03  6.542103E+00
4.027437E+01  3.716679E+04  1.093874E+04  6.553016E+02  1.099628E+03  4.177947E+03  3.068729E+02  1.150774E+02  9.270120E+01  8.125740E+03  3.196593E+00
4.121248E+01  3.638325E+04  1.061165E+04  6.403851E+02  1.015245E+03  3.895416E+03  2.748970E+02  1.624391E+02  7.497191E+01  7.831441E+03  0.000000E+00
4.217245E+01  3.535358E+04  1.025410E+04  6.227554E+02  9.341331E+02  3.889169E+03  2.655869E+02  1.129507E+02  7.937079E+01  7.830234E+03  6.105445E+00
4.315477E+01  3.475170E+04  1.002665E+04  5.906804E+02  9.964002E+02  3.740976E+03  2.356755E+02  1.700444E+02  8.949703E+01  7.428253E+03  0.000000E+00
4.415997E+01  3.334552E+04  9.944182E+03  5.684889E+02  9.241588E+02  3.661651E+03  3.148554E+02  1.778350E+02  7.871384E+01  6.953056E+03  0.000000E+00
4.518859E+01  3.296824E+04  9.612413E+03  5.868871E+02  8.917265E+02  3.544114E+03  2.079746E+02  1.367504E+02  7.977106E+01  6.777692E+03  5.697933E+00
4.624117E+01  3.221501E+04  9.179231E+03  5.011409E+02  8.686443E+02  3.388269E+03  2.143769E+02  1.670470E+02  7.517114E+01  6.628981E+03  5.568232E+00
4.731826E+01  3.129669E+04  9.275009E+03  5.223825E+02  8.760789E+02  3.237683E+03  2.122179E+02  1.414786E+02  8.162226E+01  6.282193E+03  2.720742E+00
4.842045E+01  3.061886E+04  8.686333E+03  4.892211E+02  8.747486E+02  3.219819E+03  2.047284E+02  9.837598E+01  5.583502E+01  6.277451E+03  5.317621E+00
4.954830E+01  2.932688E+04  8.374284E+03  4.547005E+02  7.405122E+02  3.102356E+03  1.974699E+02  1.273161E+02  7.275208E+01  5.796781E+03  0.000000E+00
5.070243E+01  2.817942E+04  8.501055E+03  4.925940E+02  8.074478E+02  2.879389E+03  2.158273E+02  8.887005E+01  8.379176E+01  6.104103E+03  2.539144E+00
5.188344E+01  2.796477E+04  8.116483E+03  4.168662E+02  8.138815E+02  2.741888E+03  1.861010E+02  1.066979E+02  7.692173E+01  5.647544E+03  0.000000E+00
5.309196E+01  2.745431E+04  7.711067E+03  4.219263E+02  7.274592E+02  2.817692E+03  1.794399E+02  8.244537E+01  4.849728E+01  5.257105E+03  2.424864E+00
5.432863E+01  2.624406E+04  7.473930E+03  4.218008E+02  6.492888E+02  2.746444E+03  1.753554E+02  9.478669E+01  5.213268E+01  5.196680E+03  2.369667E+00
5.559411E+01  2.585741E+04  7.477482E+03  3.751478E+02  6.877709E+02  2.670033E+03  1.991525E+02  9.494481E+01  3.242018E+01  5.189544E+03  9.262908E+00
5.688906E+01  2.453334E+04  7.137548E+03  3.937645E+02  7.060606E+02  2.473475E+03  1.968823E+02  7.694250E+01  4.978632E+01  4.951476E+03  0.000000E+00
5.821418E+01  2.420931E+04  6.979501E+03  4.246084E+02  6.457586E+02  2.503420E+03  1.879777E+02  1.238441E+02  5.971056E+01  4.708288E+03  2.211502E+00
5.957016E+01  2.363447E+04  6.747148E+03  3.436248E+02  6.137701E+02  2.383762E+03  1.793765E+02  7.347951E+01  6.483487E+01  4.609759E+03  4.322324E+00
6.095773E+01  2.309226E+04  6.473182E+03  3.358029E+02  6.314785E+02  2.266142E+03  1.246061E+02  1.077104E+02  6.124708E+01  4.346430E+03  4.223936E+00
6.237762E+01  2.274411E+04  6.569374E+03  3.405425E+02  5.944014E+02  2.255836E+03  1.630476E+02  9.287522E+01  6.810850E+01  4.156682E+03  2.063894E+00
6.383058E+01  2.169191E+04  6.060826E+03  3.065709E+02  5.546513E+02  2.137929E+03  1.492516E+02  9.882878E+01  4.437211E+01  4.191147E+03  6.050742E+00
6.531738E+01  2.134399E+04  6.070690E+03  3.685776E+02  5.696200E+02  2.162191E+03  1.813323E+02  8.869515E+01  4.336207E+01  3.997195E+03  1.971003E+00
6.683882E+01  2.111047E+04  5.853533E+03  3.024036E+02  5.605061E+02  2.107195E+03  1.675740E+02  9.052848E+01  5.200572E+01  3.833014E+03  1.926138E+00
6.839570E+01  2.001443E+04  5.524532E+03  2.635211E+02  5.948048E+02  1.978291E+03  1.599950E+02  6.399798E+01  3.764587E+01  3.706236E+03  0.000000E+00
6.998884E+01  1.953677E+04  5.442925E+03  2.906327E+02  5.426370E+02  1.868878E+03  1.324402E+02  6.622010E+01  3.862839E+01  3.528060E+03  1.839447E+00
7.161909E+01  1.892488E+04  5.153652E+03  2.858146E+02  5.338802E+02  1.873075E+03  1.456037E+02  5.572487E+01  5.033214E+01  3.321921E+03  1.797576E+00
7.328731E+01  1.868382E+04  5.096066E+03  2.371489E+02  5.024043E+02  1.835708E+03  1.335061E+02  8.256295E+01  4.040315E+01  3.165499E+03  0.000000E+00
7.499439E+01  1.786712E+04  4.949166E+03  2.540675E+02  5.012683E+02  1.728689E+03  1.081503E+02  7.896692E+01  5.150016E+01  2.949243E+03  1.716672E+00
7.674123E+01  1.733292E+04  4.779471E+03  2.617050E+02  4.529509E+02  1.639011E+03  1.090437E+02  6.374864E+01  2.516394E+01  2.994509E+03  1.677596E+00
7.852877E+01  1.724986E+04  4.764123E+03  2.836178E+02  4.524769E+02  1.555799E+03  1.032828E+02  6.721578E+01  3.114877E+01  2.924706E+03  0.000000E+00
8.035794E+01  1.641503E+04  4.726170E+03  2.643451E+02  4.870359E+02  1.614908E+03  1.217590E+02  7.209412E+01  3.364392E+01  2.830896E+03  3.204183E+00
8.222971E+01  1.602729E+04  4.374352E+03  2.551966E+02  3.961028E+02  1.517089E+03  9.706866E+01  6.262494E+01  3.131247E+01  2.556663E+03  3.131247E+00
8.414509E+01  1.525243E+04  4.288550E+03  2.509176E+02  4.207461E+02  1.490206E+03  1.040390E+02  6.272941E+01  2.906973E+01  2.530596E+03  0.000000E+00
8.610508E+01  1.491571E+04  4.220834E+03  2.362351E+02  3.962171E+02  1.486188E+03  9.120469E+01  5.532088E+01  3.438866E+01  2.318991E+03  2.990318E+00
8.811073E+01  1.455865E+04  3.966954E+03  2.220910E+02  3.535922E+02  1.426058E+03  9.205087E+01  4.675600E+01  3.360587E+01  2.197532E+03  1.461125E+00
9.016309E+01  1.428437E+04  3.845242E+03  2.184634E+02  3.384042E+02  1.332199E+03  1.142293E+02  6.568182E+01  1.570652E+01  2.276018E+03  1.427866E+00
9.226326E+01  1.358526E+04  3.862366E+03  2.497701E+02  3.627945E+02  1.257223E+03  1.032569E+02  4.046554E+01  3.348872E+01  2.134906E+03  0.000000E+00
9.441234E+01  1.318330E+04  3.714450E+03  2.127218E+02  3.749903E+02  1.273603E+03  9.272488E+01  5.318044E+01  1.772681E+01  1.992221E+03  0.000000E+00
9.661149E+01  1.307243E+04  3.572598E+03  1.705679E+02  3.717847E+02  1.189978E+03  8.261883E+01  3.997685E+01  2.531867E+01  1.928217E+03  3.997685E+00
9.886186E+01  1.243368E+04  3.483463E+03  2.278901E+02  3.255572E+02  1.186331E+03  8.985380E+01  3.516018E+01  2.213789E+01  1.754102E+03  0.000000E+00
1.011646E+02  1.212393E+04  3.387626E+03  1.717992E+02  3.295999E+02  1.114786E+03  7.253744E+01  4.708571E+01  2.163397E+01  1.753624E+03  0.000000E+00
1.035211E+02  1.167634E+04  3.211024E+03  1.728630E+02  3.121484E+02  1.122988E+03  7.710438E+01  4.601390E+01  2.114152E+01  1.703758E+03  0.000000E+00
1.059324E+02  1.129024E+04  3.128210E+03  1.786507E+02  3.062583E+02  1.085273E+03  7.899520E+01  4.496650E+01  1.336842E+01  1.585981E+03  0.000000E+00
1.083999E+02  1.115794E+04  3.033250E+03  1.472682E+02  2.719712E+02  1.019001E+03  7.600940E+01  4.513058E+01  1.543941E+01  1.515438E+03  0.000000E+00
1.109248E+02  1.077397E+04  2.865553E+03  1.636464E+02  2.448893E+02  9.226872E+02  8.936719E+01  3.946084E+01  8.124290E+00  1.506475E+03  1.160613E+00
1.135086E+02  1.040736E+04  2.779910E+03  1.485794E+02  2.461201E+02  1.026446E+03  6.805164E+01  3.062324E+01  1.361033E+01  1.399595E+03  0.000000E+00
1.161526E+02  1.002859E+04  2.691138E+03  1.374387E+02  2.804193E+02  9.288196E+02  5.874396E+01  3.768481E+01  1.440890E+01  1.296801E+03  3.325130E+00
1.188581E+02  9.781900E+03  2.682955E+03  1.483911E+02  2.101305E+02  8.935962E+02  5.307420E+01  3.574385E+01  1.299776E+01  1.236954E+03  0.000000E+00
1.216267E+02  9.604751E+03  2.485338E+03  1.407794E+02  2.550964E+02  8.319743E+02  5.080759E+01  3.387173E+01  1.587737E+01  1.204563E+03  0.000000E+00
1.244597E+02  9.011669E+03  2.436006E+03  1.282653E+02  2.358426E+02  8.347586E+02  6.102944E+01  2.999752E+01  8.275178E+00  1.150250E+03  0.000000E+00
1.273587E+02  8.866178E+03  2.431098E+03  1.263564E+02  2.244090E+02  7.965510E+02  5.660768E+01  2.729299E+01  8.086812E+00  1.080600E+03  3.032554E+00
1.303253E+02  8.663372E+03  2.261170E+03  1.442249E+02  2.034954E+02  7.566867E+02  5.136777E+01  2.765957E+01  1.284194E+01  1.059954E+03  0.000000E+00
1.333610E+02  8.358049E+03  2.126679E+03  1.245309E+02  1.882444E+02  7.616656E+02  4.633707E+01  2.799531E+01  1.158427E+01  9.392911E+02  9.653557E-01
1.364674E+02  8.065912E+03  2.011289E+03  1.311300E+02  1.981101E+02  7.018758E+02  5.377275E+01  3.113159E+01  2.169777E+01  9.122499E+02  0.000000E+00
1.396461E+02  7.837136E+03  2.007915E+03  1.244575E+02  1.899129E+02  6.278190E+02  5.070491E+01  2.489150E+01  1.290671E+01  8.905627E+02  0.000000E+00
1.428989E+02  7.369545E+03  1.931577E+03  1.090116E+02  1.684725E+02  6.648807E+02  4.594704E+01  2.702767E+01  1.081107E+01  8.009200E+02  9.009223E-01
1.462274E+02  7.286313E+03  1.859436E+03  9.332397E+01  1.699201E+02  6.435833E+02  4.402074E+01  3.081452E+01  1.496705E+01  7.527547E+02  0.000000E+00
1.496335E+02  7.043023E+03  1.805925E+03  9.033929E+01  1.608900E+02  5.953789E+02  3.957721E+01  2.925272E+01  1.032449E+01  7.338992E+02  1.720748E+00
1.531189E+02  6.786854E+03  1.672331E+03  9.248686E+01  1.513421E+02  5.406277E+02  3.867632E+01  2.186053E+01  5.885528E+00  6.902883E+02  0.000000E+00
1.566855E+02  6.632366E+03  1.671238E+03  8.791665E+01  1.659735E+02  5.488628E+02  3.122274E+01  1.889797E+01  1.068146E+01  6.408877E+02  0.000000E+00
1.603352E+02  6.168246E+03  1.579398E+03  8.350658E+01  1.260628E+02  5.355662E+02  3.613265E+01  2.328549E+01  1.124127E+01  5.893637E+02  0.000000E+00
1.640699E+02  6.041179E+03  1.484597E+03  9.259113E+01  1.451641E+02  4.919884E+02  3.844886E+01  2.903281E+01  5.492694E+00  5.955650E+02  7.846706E-01
1.678915E+02  5.935871E+03  1.439301E+03  8.128178E+01  1.334248E+02  4.738881E+02  3.450642E+01  1.610299E+01  4.600856E+00  5.475018E+02  0.000000E+00
1.718022E+02  5.841968E+03  1.475479E+03  6.444449E+01  1.348838E+02  4.601037E+02  3.372096E+01  2.173128E+01  6.744191E+00  5.305430E+02  0.000000E+00
1.758040E+02  5.533970E+03  1.373789E+03  6.297756E+01  1.288843E+02  4.393783E+02  3.368567E+01  1.684283E+01  8.787566E+00  4.525597E+02  7.322972E-01
1.798990E+02  5.377229E+03  1.377584E+03  7.657220E+01  1.180786E+02  4.257987E+02  2.934075E+01  1.717507E+01  5.725024E+00  4.186424E+02  7.156281E-01
1.840894E+02  5.195385E+03  1.239228E+03  6.224111E+01  1.244822E+02  4.119103E+02  1.888214E+01  1.258809E+01  2.797353E+00  4.384852E+02  0.000000E+00
1.883774E+02  4.939073E+03  1.201451E+03  5.945750E+01  1.182316E+02  3.628957E+02  2.528652E+01  1.776891E+01  6.150775E+00  3.874988E+02  0.000000E+00
1.927653E+02  4.711773E+03  1.127353E+03  6.344698E+01  1.182117E+02  3.780104E+02  2.270734E+01  1.135367E+01  4.675041E+00  3.225778E+02  0.000000E+00
1.972553E+02  4.638458E+03  1.083416E+03  5.547615E+01  1.037730E+02  3.419941E+02  2.480110E+01  1.305321E+01  2.610642E+00  3.158877E+02  0.000000E+00
2.018500E+02  4.300714E+03  1.027503E+03  5.421335E+01  9.503282E+01  3.386740E+02  2.168534E+01  1.658291E+01  3.189021E+00  3.106106E+02  0.000000E+00
2.065517E+02  4.255173E+03  1.007853E+03  5.048616E+01  8.289703E+01  3.440539E+02  2.056844E+01  8.726004E+00  3.739716E+00  2.873348E+02  0.000000E+00
2.113629E+02  4.113850E+03  9.471478E+02  5.238245E+01  8.831925E+01  2.960218E+02  2.192754E+01  1.340016E+01  1.827295E+00  2.582577E+02  0.000000E+00
2.162862E+02  3.938660E+03  9.523736E+02  5.238055E+01  9.166596E+01  3.053548E+02  2.499981E+01  9.523736E+00  4.166634E+00  2.571409E+02  0.000000E+00
2.213241E+02  3.842025E+03  8.696181E+02  4.595306E+01  9.016107E+01  2.832803E+02  2.268569E+01  9.306949E+00  5.816843E-01  2.384906E+02  0.000000E+00
2.264794E+02  3.680672E+03  8.310645E+02  4.490704E+01  6.991856E+01  2.722845E+02  1.875864E+01  6.252879E+00  3.410661E+00  2.103241E+02  5.684436E-01
2.317548E+02  3.569670E+03  7.682623E+02  4.332933E+01  6.666051E+01  2.633090E+02  1.777613E+01  9.999076E+00  3.333025E+00  2.044256E+02  0.000000E+00
2.371531E+02  3.376043E+03  7.746604E+02  4.722877E+01  7.274316E+01  2.290867E+02  1.248577E+01  1.302863E+01  3.257156E+00  2.014008E+02  0.000000E+00
2.426771E+02  3.245614E+03  7.225443E+02  4.774522E+01  6.419079E+01  2.206890E+02  1.591507E+01  5.305024E+00  1.591507E+00  1.596812E+02  0.000000E+00
2.483298E+02  3.139074E+03  6.775837E+02  3.680830E+01  6.221120E+01  2.224051E+02  1.607123E+01  5.702694E+00  5.184267E-01  1.539727E+02  0.000000E+00
2.541141E+02  2.970854E+03  6.697594E+02  3.546381E+01  5.674210E+01  1.975841E+02  1.367890E+01  1.063914E+01  1.013252E+00  1.317227E+02  5.066259E-01
2.600332E+02  2.847284E+03  6.371855E+02  2.524978E+01  5.644068E+01  2.000178E+02  1.534790E+01  8.416592E+00  3.465656E+00  1.302096E+02  0.000000E+00
2.660901E+02  2.720542E+03  6.115535E+02  2.757796E+01  6.047799E+01  1.867560E+02  1.161177E+01  4.354415E+00  2.902944E+00  1.074089E+02  4.838239E-01
2.722882E+02  2.648686E+03  5.706826E+02  3.687924E+01  5.153637E+01  1.725759E+02  1.229308E+01  6.146540E+00  0.000000E+00  1.153658E+02  0.000000E+00
2.786306E+02  2.485820E+03  5.332037E+02  2.264037E+01  4.297049E+01  1.510898E+02  8.778917E+00  5.544579E+00  1.848193E+00  1.007265E+02  0.000000E+00
2.851207E+02  2.391759E+03  5.016507E+02  2.302807E+01  5.057145E+01  1.602934E+02  1.264286E+01  7.224492E+00  1.354592E+00  9.436993E+01  0.000000E+00
2.917620E+02  2.291866E+03  4.677278E+02  2.294514E+01  4.721404E+01  1.478196E+02  9.707559E+00  3.088769E+00  1.323758E+00  7.501296E+01  0.000000E+00
2.985580E+02  2.194851E+03  4.454384E+02  2.802856E+01  3.622152E+01  1.237569E+02  1.293626E+01  6.899337E+00  4.312085E-01  7.071820E+01  0.000000E+00
3.055124E+02  2.115393E+03  4.374060E+02  2.696915E+01  3.750398E+01  1.390597E+02  7.585075E+00  2.106965E+00  1.685572E+00  5.688806E+01  0.000000E+00
3.126287E+02  1.999705E+03  4.060357E+02  1.729564E+01  3.294408E+01  1.148925E+02  7.824218E+00  4.529811E+00  4.118010E-01  5.188692E+01  0.000000E+00
3.199107E+02  1.911529E+03  3.589651E+02  1.529223E+01  2.696262E+01  1.094602E+02  6.841263E+00  4.024272E+00  1.207282E+00  5.392525E+01  0.000000E+00
3.273624E+02  1.855433E+03  3.629853E+02  2.005661E+01  2.516908E+01  1.002831E+02  5.112469E+00  4.325936E+00  3.932669E-01  5.387756E+01  0.000000E+00
3.349876E+02  1.768233E+03  3.504953E+02  1.537260E+01  3.420404E+01  8.723951E+01  8.839245E+00  1.921575E+00  7.686300E-01  4.227465E+01  0.000000E+00
3.427905E+02  1.730237E+03  3.188563E+02  1.539824E+01  3.154762E+01  9.351617E+01  7.886906E+00  3.004536E+00  0.000000E+00  4.243906E+01  0.000000E+00
3.507751E+02  1.613778E+03  2.980186E+02  1.651581E+01  2.348915E+01  8.441414E+01  6.606324E+00  4.037198E+00  7.340360E-01  2.972846E+01  0.000000E+00
3.589457E+02  1.563773E+03  2.880069E+02  1.434655E+01  1.936784E+01  7.567803E+01  5.738618E+00  2.151982E+00  0.000000E+00  2.295447E+01  0.000000E+00
3.673066E+02  1.471046E+03  2.719876E+02  1.647347E+01  2.523596E+01  7.956338E+01  4.906992E+00  2.803996E+00  0.000000E+00  2.453496E+01  0.000000E+00
3.758623E+02  1.370427E+03  2.438750E+02  1.472841E+01  2.192135E+01  7.227196E+01  4.795296E+00  1.370084E+00  3.425211E-01  1.712606E+01  0.000000E+00
3.846173E+02  1.303751E+03  2.383238E+02  1.171535E+01  2.242653E+01  7.363937E+01  3.681968E+00  2.008346E+00  0.000000E+00  1.539732E+01  0.000000E+00
3.935762E+02  1.235803E+03  2.211231E+02  1.079447E+01  1.929920E+01  5.822471E+01  5.887892E+00  1.308421E+00  6.542103E-01  9.486049E+00  0.000000E+00
4.027437E+02  1.178904E+03  2.077786E+02  1.022910E+01  1.885990E+01  5.689936E+01  5.114549E+00  2.876934E+00  6.393186E-01  1.150774E+01  0.000000E+00
4.121248E+02  1.133638E+03  1.974260E+02  9.996255E+00  1.749345E+01  5.154319E+01  2.186681E+00  1.561915E+00  0.000000E+00  8.434340E+00  0.000000E+00
4.217245E+02  1.060516E+03  1.813317E+02  7.631807E+00  1.251616E+01  4.609611E+01  1.831634E+00  2.442178E+00  0.000000E+00  1.098980E+01  0.000000E+00
4.315477E+02  1.022354E+03  1.682544E+02  7.159762E+00  1.193294E+01  4.176528E+01  2.088264E+00  1.193294E+00  2.983234E-01  8.949703E+00  0.000000E+00
4.415997E+02  9.314472E+02  1.568446E+02  8.454450E+00  1.224438E+01  4.343838E+01  1.749197E+00  8.745983E-01  0.000000E+00  7.579852E+00  0.000000E+00
4.518859E+02  8.925812E+02  1.458671E+02  8.831796E+00  1.168076E+01  4.244960E+01  1.709380E+00  1.139587E+00  2.848967E-01  5.982830E+00  0.000000E+00
4.624117E+02  8.499907E+02  1.405979E+02  8.073937E+00  1.197170E+01  3.452304E+01  1.948881E+00  1.392058E+00  0.000000E+00  5.289821E+00  0.000000E+00
4.731826E+02  8.031630E+02  1.191685E+02  6.257707E+00  1.251541E+01  3.482550E+01  2.720742E+00  5.441484E-01  2.720742E-01  3.264890E+00  0.000000E+00
4.842045E+02  7.588245E+02  1.180512E+02  5.583502E+00  1.036936E+01  2.818339E+01  1.329405E+00  1.063524E+00  0.000000E+00  5.317621E-01  0.000000E+00
4.954830E+02  7.173874E+02  1.148443E+02  7.015379E+00  7.794865E+00  2.806151E+01  2.598288E+00  5.196577E-01  0.000000E+00  2.858117E+00  0.000000E+00
5.070243E+02  6.695723E+02  9.267876E+01  6.093946E+00  7.871347E+00  2.462970E+01  1.777401E+00  2.031315E+00  0.000000E+00  1.777401E+00  0.000000E+00
5.188344E+02  6.267880E+02  9.230608E+01  4.218288E+00  7.692173E+00  2.233212E+01  1.985077E+00  0.000000E+00  2.481346E-01  9.925385E-01  0.000000E+00
5.309196E+02  5.931217E+02  8.608267E+01  4.849728E+00  6.304646E+00  2.061134E+01  1.939891E+00  1.212432E+00  0.000000E+00  4.849728E-01  0.000000E+00
5.432863E+02  5.483410E+02  7.725115E+01  3.080567E+00  5.213268E+00  1.895734E+01  9.478669E-01  4.739334E-01  0.000000E+00  0.000000E+00  0.000000E+00
5.559411E+02  4.990392E+02  7.595585E+01  3.473590E+00  5.557745E+00  2.014682E+01  1.621009E+00  4.631454E-01  0.000000E+00  1.389436E+00  0.000000E+00
5.688906E+02  4.971843E+02  5.725427E+01  4.526029E+00  4.526029E+00  1.335179E+01  9.052058E-01  1.131507E+00  0.000000E+00  4.526029E-01  0.000000E+00
5.821418E+02  4.630885E+02  5.462410E+01  3.980704E+00  3.538403E+00  1.570166E+01  4.423004E-01  2.211502E-01  0.000000E+00  0.000000E+00  0.000000E+00
5.957016E+02  4.300713E+02  5.186789E+01  1.945046E+00  4.970673E+00  1.167028E+01  4.322324E-01  2.161162E-01  0.000000E+00  2.161162E-01  0.000000E+00
6.095773E+02  3.991620E+02  4.773048E+01  1.689574E+00  4.857527E+00  1.309420E+01  4.223936E-01  4.223936E-01  0.000000E+00  2.111968E-01  0.000000E+00
6.237762E+02  3.698498E+02  4.313538E+01  2.063894E+00  3.921398E+00  9.700301E+00  6.191682E-01  2.063894E-01  0.000000E+00  0.000000E+00  0.000000E+00
6.383058E+02  3.408584E+02  3.872475E+01  1.008457E+00  2.823679E+00  7.865964E+00  4.033828E-01  2.016914E-01  0.000000E+00  0.000000E+00  0.000000E+00
6.531738E+02  3.240329E+02  3.646356E+01  7.884013E-01  1.971003E+00  7.489813E+00  1.971003E-01  1.971003E-01  0.000000E+00  0.000000E+00  0.000000E+00
6.683882E+02  3.124196E+02  3.255173E+01  2.503979E+00  1.926138E+00  5.393186E+00  5.778413E-01  1.926138E-01  0.000000E+00  0.000000E+00  0.000000E+00
6.839570E+02  2.879909E+02  2.748149E+01  1.694064E+00  1.317605E+00  4.705734E+00  5.646881E-01  1.882294E-01  0.000000E+00  0.000000E+00  0.000000E+00
6.998884E+02  2.595460E+02  3.053483E+01  1.471558E+00  1.471558E+00  4.966508E+00  1.839447E-01  0.000000E+00  0.000000E+00  0.000000E+00  0.000000E+00
7.161909E+02  2.344040E+02  2.372801E+01  1.078546E+00  1.977334E+00  2.336849E+00  3.595153E-01  0.000000E+00  0.000000E+00  1.797576E-01  0.000000E+00
7.328731E+02  2.141367E+02  2.020157E+01  5.269976E-01  2.283656E+00  3.161985E+00  1.756659E-01  0.000000E+00  0.000000E+00  0.000000E+00  0.000000E+00
7.499439E+02  1.975890E+02  1.785339E+01  1.545005E+00  6.866689E-01  3.948346E+00  3.433344E-01  0.000000E+00  0.000000E+00  0.000000E+00  0.000000E+00
7.674123E+02  1.888973E+02  1.576940E+01  3.355192E-01  1.342077E+00  2.180875E+00  1.677596E-01  0.000000E+00  0.000000E+00  0.000000E+00  0.000000E+00
7.852877E+02  1.700067E+02  1.311527E+01  6.557637E-01  3.278818E-01  3.934582E+00  3.278818E-01  3.278818E-01  0.000000E+00  0.000000E+00  0.000000E+00
8.035794E+02  1.654961E+02  1.329736E+01  9.612550E-01  9.612550E-01  1.922510E+00  0.000000E+00  0.000000E+00  0.000000E+00  0.000000E+00  0.000000E+00
8.222971E+02  1.399667E+02  1.033312E+01  6.262494E-01  9.393742E-01  1.878748E+00  1.565624E-01  0.000000E+00  0.000000E+00  0.000000E+00  0.000000E+00
8.414509E+02  1.262238E+02  6.884935E+00  1.529986E-01  7.649928E-01  9.179914E-01  1.529986E-01  0.000000E+00  0.000000E+00  0.000000E+00  0.000000E+00
8.610508E+02  1.203603E+02  6.279667E+00  1.495159E-01  4.485477E-01  1.196127E+00  0.000000E+00  0.000000E+00  0.000000E+00  0.000000E+00  0.000000E+00
8.811073E+02  1.142600E+02  7.743962E+00  4.383375E-01  4.383375E-01  1.315012E+00  0.000000E+00  0.000000E+00  0.000000E+00  0.000000E+00  0.000000E+00
9.016309E+02  9.323963E+01  5.854249E+00  1.427866E-01  4.283597E-01  1.427866E+00  0.000000E+00  0.000000E+00  0.000000E+00  0.000000E+00  0.000000E+00
9.226326E+02  8.916373E+01  3.627945E+00  1.395363E-01  4.186090E-01  1.255827E+00  0.000000E+00  0.000000E+00  0.000000E+00  0.000000E+00  0.000000E+00
9.441234E+02  8.399783E+01  4.499884E+00  0.000000E+00  2.727202E-01  1.363601E-01  0.000000E+00  1.363601E-01  0.000000E+00  0.000000E+00  0.000000E+00
9.661149E+02  6.955973E+01  4.663966E+00  2.665124E-01  2.665124E-01  2.665124E-01  0.000000E+00  0.000000E+00  0.000000E+00  0.000000E+00  0.000000E+00
9.886186E+02  6.133498E+01  3.125350E+00  1.302229E-01  3.906687E-01  3.906687E-01  0.000000E+00  0.000000E+00  0.000000E+00  0.000000E+00  0.000000E+00
