# dR/dEr [1/keV/kg/Myr]
# Er [keV]  , H1 ,  O16 , Cl35 , Cl37 , Ca40 , Ca44
1.011646E-03  1.062164E+08  1.130409E+06  6.651664E+06  2.102001E+05  6.679691E+05  1.868445E+04
1.035211E-03  1.049216E+08  1.017947E+06  6.637198E+06  2.464984E+05  5.295151E+05  1.825914E+04
1.059324E-03  1.034344E+08  1.119680E+06  6.463812E+06  2.498092E+05  5.397662E+05  2.230439E+04
1.083999E-03  9.975468E+07  1.085475E+06  6.665425E+06  2.354041E+05  5.710730E+05  0.000000E+00
1.109248E-03  9.798668E+07  1.150228E+06  6.811908E+06  1.789244E+05  5.878945E+05  3.834095E+04
1.135086E-03  9.686363E+07  1.136535E+06  6.090664E+06  2.039935E+05  5.745124E+05  2.914193E+04
1.161526E-03  9.313310E+07  1.265263E+06  5.960161E+06  1.627348E+05  4.678624E+05  2.847858E+04
1.188581E-03  9.115229E+07  1.061528E+06  6.297606E+06  2.266184E+05  4.055277E+05  7.951523E+03
1.216267E-03  8.890646E+07  1.087873E+06  6.142600E+06  1.826073E+05  4.468052E+05  1.942631E+04
1.244597E-03  8.753955E+07  1.131453E+06  5.672453E+06  2.126221E+05  4.366346E+05  1.139047E+04
1.273587E-03  8.503116E+07  1.283797E+06  5.650934E+06  1.669678E+05  4.007228E+05  1.855198E+04
1.303253E-03  8.342557E+07  1.109537E+06  5.457036E+06  1.595413E+05  4.459903E+05  1.812969E+04
1.333610E-03  8.118641E+07  1.094911E+06  5.414317E+06  1.984305E+05  5.350536E+05  1.771701E+04
1.364674E-03  8.015213E+07  1.104615E+06  5.346476E+06  1.869882E+05  4.813214E+05  2.077646E+04
1.396461E-03  7.782344E+07  1.113310E+06  5.309374E+06  1.658122E+05  4.026867E+05  1.015177E+04
1.428989E-03  7.619746E+07  1.081354E+06  5.076083E+06  2.281757E+05  4.034411E+05  1.653447E+04
1.462274E-03  7.483140E+07  1.053508E+06  4.682618E+06  1.421913E+05  4.136474E+05  1.292648E+04
1.496335E-03  7.248379E+07  1.092689E+06  5.087634E+06  1.768513E+05  3.915994E+05  1.263224E+04
1.531189E-03  7.098508E+07  1.148057E+06  4.641605E+06  1.543087E+05  3.518238E+05  9.258521E+03
1.566855E-03  6.943863E+07  1.272720E+06  4.433408E+06  1.688917E+05  3.227038E+05  9.047771E+03
1.603352E-03  6.838557E+07  1.143542E+06  4.807002E+06  1.532582E+05  3.919873E+05  8.841818E+03
1.640699E-03  6.586118E+07  1.137673E+06  4.464286E+06  1.180876E+05  3.974655E+05  1.440092E+04
1.678915E-03  6.556384E+07  1.111776E+06  4.441476E+06  1.407312E+05  2.786477E+05  0.000000E+00
1.718022E-03  6.299596E+07  1.135979E+06  4.480654E+06  1.485300E+05  3.795766E+05  2.200444E+04
1.758040E-03  6.141685E+07  1.139689E+06  4.263080E+06  9.407807E+04  3.252413E+05  1.881561E+04
1.798990E-03  6.026837E+07  1.084852E+06  4.053090E+06  1.050704E+05  3.283450E+05  1.050704E+04
1.840894E-03  5.954337E+07  1.170537E+06  3.891522E+06  1.334823E+05  3.388397E+05  7.700902E+03
1.883774E-03  5.779165E+07  1.234200E+06  3.823009E+06  1.078670E+05  2.809560E+05  7.525608E+03
1.927653E-03  5.589516E+07  1.179140E+06  3.748244E+06  9.070309E+04  3.113322E+05  1.470861E+04
1.972553E-03  5.527684E+07  1.137926E+06  3.916860E+06  1.413424E+05  3.641363E+05  9.582533E+03
2.018500E-03  5.450554E+07  1.034767E+06  3.607638E+06  9.832628E+04  2.622034E+05  7.023306E+03
2.065517E-03  5.279126E+07  1.153057E+06  3.607880E+06  9.380029E+04  3.019912E+05  6.863436E+03
2.113629E-03  5.071765E+07  1.129046E+06  3.525754E+06  1.095510E+05  2.817026E+05  8.942940E+03
2.162862E-03  5.083475E+07  1.188555E+06  3.320962E+06  1.245361E+05  2.774751E+05  8.739374E+03
2.213241E-03  4.894100E+07  1.037664E+06  3.288070E+06  7.899909E+04  3.138612E+05  1.708088E+04
2.264794E-03  4.750356E+07  1.024476E+06  3.246609E+06  1.001524E+05  2.253430E+05  1.251906E+04
2.317548E-03  4.648342E+07  1.074561E+06  3.223682E+06  9.379467E+04  2.324477E+05  1.223409E+04
2.371531E-03  4.602510E+07  9.684041E+05  3.126391E+06  1.135783E+05  2.530603E+05  5.977803E+03
2.426771E-03  4.513906E+07  1.008672E+06  3.220741E+06  8.957322E+04  2.687197E+05  5.841732E+03
2.483298E-03  4.379568E+07  1.042800E+06  3.029447E+06  1.103693E+05  2.530882E+05  3.805838E+03
2.541141E-03  4.259236E+07  1.020922E+06  2.988383E+06  1.078570E+05  2.305908E+05  9.298017E+03
2.600332E-03  4.211714E+07  9.486169E+05  2.820409E+06  9.268096E+04  2.217074E+05  1.635546E+04
2.660901E-03  4.069670E+07  9.554382E+05  2.734898E+06  9.234719E+04  2.344198E+05  1.243135E+04
2.722882E-03  3.982760E+07  9.076576E+05  2.754211E+06  7.636125E+04  2.256128E+05  1.214838E+04
2.786306E-03  3.919067E+07  8.683410E+05  2.640639E+06  7.801501E+04  2.170852E+05  1.017587E+04
2.851207E-03  3.799694E+07  9.264717E+05  2.693232E+06  8.452604E+04  2.121438E+05  4.972120E+03
2.917620E-03  3.726322E+07  8.163020E+05  2.503974E+06  9.717881E+04  2.121737E+05  8.098234E+03
2.985580E-03  3.648781E+07  9.100980E+05  2.575182E+06  7.913896E+04  2.263374E+05  4.748338E+03
3.055124E-03  3.544843E+07  8.027636E+05  2.419118E+06  8.197779E+04  2.088114E+05  1.082726E+04
3.126287E-03  3.474734E+07  7.980944E+05  2.478930E+06  1.027849E+05  2.191737E+05  4.534627E+03
3.199107E-03  3.380572E+07  8.006074E+05  2.240815E+06  6.942537E+04  1.654392E+05  1.477136E+03
3.273624E-03  3.322387E+07  7.592872E+05  2.259096E+06  7.361910E+04  1.891000E+05  4.330535E+03
3.349876E-03  3.274973E+07  7.927872E+05  2.224601E+06  6.065810E+04  1.678678E+05  2.821307E+03
3.427905E-03  3.193119E+07  7.609558E+05  2.277353E+06  7.306278E+04  1.916175E+05  2.757086E+03
3.507751E-03  3.122995E+07  7.490230E+05  2.144684E+06  7.409400E+04  1.724369E+05  6.735818E+03
3.589457E-03  3.033739E+07  7.872660E+05  2.086650E+06  5.529293E+04  1.434983E+05  6.582492E+03
3.673066E-03  2.951045E+07  7.320363E+05  2.048158E+06  5.403431E+04  1.621029E+05  2.573062E+03
3.758623E-03  2.889152E+07  6.173079E+05  2.015366E+06  6.789130E+04  1.558985E+05  2.514492E+03
3.846173E-03  2.801517E+07  6.892602E+05  1.922803E+06  5.651688E+04  1.498926E+05  1.228628E+04
3.935762E-03  2.737026E+07  6.879786E+05  1.985893E+06  6.603635E+04  1.608885E+05  9.605287E+03
4.027437E-03  2.708633E+07  6.488517E+05  1.950075E+06  4.927988E+04  1.548796E+05  3.519991E+03
4.121248E-03  2.618082E+07  6.249091E+05  1.797904E+06  5.733111E+04  1.547940E+05  5.733111E+03
4.217245E-03  2.592776E+07  5.983587E+05  1.884718E+06  4.257983E+04  1.523910E+05  3.361566E+03
4.315477E-03  2.542407E+07  6.405842E+05  1.784876E+06  6.460593E+04  1.226418E+05  6.570094E+03
4.415997E-03  2.477366E+07  6.270728E+05  1.768859E+06  4.173351E+04  1.615836E+05  5.350450E+03
4.518859E-03  2.413026E+07  5.667867E+05  1.636570E+06  5.019513E+04  1.474482E+05  8.365855E+03
4.624117E-03  2.350230E+07  5.467315E+05  1.693335E+06  6.642533E+04  1.400041E+05  7.153497E+03
4.731826E-03  2.278557E+07  4.953384E+05  1.679757E+06  3.295598E+04  1.308253E+05  9.986662E+02
4.842045E-03  2.251674E+07  5.435951E+05  1.601507E+06  5.660416E+04  1.366307E+05  6.831536E+03
4.954830E-03  2.176863E+07  4.854429E+05  1.572682E+06  4.863966E+04  1.211223E+05  1.907438E+03
5.070243E-03  2.138869E+07  5.051491E+05  1.538748E+06  5.032851E+04  1.183652E+05  5.592057E+03
5.188344E-03  2.102296E+07  4.672375E+05  1.494614E+06  6.375561E+04  1.202249E+05  2.732383E+03
5.309196E-03  2.042426E+07  4.708429E+05  1.521116E+06  4.895342E+04  1.254988E+05  4.450311E+03
5.432863E-03  1.993325E+07  4.549064E+05  1.488231E+06  4.262029E+04  1.269911E+05  5.218811E+03
5.559411E-03  1.954496E+07  4.649515E+05  1.387205E+06  4.760015E+04  1.224004E+05  4.250014E+03
5.688906E-03  1.937086E+07  4.136659E+05  1.364765E+06  4.319403E+04  1.171223E+05  2.491963E+03
5.821418E-03  1.867341E+07  4.513310E+05  1.353181E+06  5.438700E+04  1.120210E+05  3.246985E+03
5.957016E-03  1.832689E+07  4.370911E+05  1.281129E+06  4.283651E+04  1.102644E+05  4.759612E+03
6.095773E-03  1.796786E+07  4.093118E+05  1.281425E+06  4.108622E+04  9.767668E+04  2.325635E+03
6.237762E-03  1.744598E+07  4.234793E+05  1.286347E+06  3.863585E+04  1.068168E+05  2.272697E+03
6.383058E-03  1.717472E+07  3.783043E+05  1.250403E+06  4.071768E+04  1.014240E+05  2.961286E+03
6.531738E-03  1.652694E+07  3.848859E+05  1.200960E+06  3.762042E+04  9.911535E+04  4.340818E+03
6.683882E-03  1.626103E+07  3.584498E+05  1.197661E+06  4.524810E+04  9.403120E+04  4.242009E+03
6.839570E-03  1.581420E+07  3.737813E+05  1.170398E+06  3.661813E+04  1.063999E+05  2.072725E+03
6.998884E-03  1.557373E+07  3.713497E+05  1.143757E+06  4.388678E+04  8.304729E+04  3.375906E+03
7.161909E-03  1.519152E+07  3.371640E+05  1.140155E+06  3.497005E+04  9.963164E+04  2.639249E+03
7.328731E-03  1.503851E+07  3.649529E+05  1.090345E+06  3.095007E+04  9.929813E+04  3.868758E+03
7.499439E-03  1.448195E+07  3.623166E+05  1.054184E+06  3.150579E+04  8.506563E+04  3.780695E+03
7.674123E-03  1.433519E+07  3.355961E+05  1.057282E+06  3.325172E+04  7.266116E+04  6.773498E+03
7.852877E-03  1.385784E+07  3.285587E+05  1.003127E+06  3.369833E+04  7.822826E+04  1.805268E+03
8.035794E-03  1.335069E+07  3.381335E+05  9.885259E+05  3.645961E+04  8.291621E+04  2.352233E+03
8.222971E-03  1.324965E+07  3.114724E+05  9.821151E+05  2.930829E+04  7.930479E+04  1.724017E+03
8.414509E-03  1.305307E+07  3.319004E+05  9.468429E+05  2.976434E+04  7.413005E+04  2.246365E+03
8.610508E-03  1.260008E+07  3.012955E+05  9.340710E+05  2.963563E+04  8.671165E+04  2.744039E+03
8.811073E-03  1.227143E+07  3.062361E+05  9.133453E+05  2.359788E+04  7.883838E+04  2.145262E+03
9.016309E-03  1.206705E+07  3.045064E+05  9.381523E+05  3.144645E+04  7.861612E+04  2.096430E+03
9.226326E-03  1.174115E+07  2.945020E+05  9.183339E+05  2.407233E+04  7.324136E+04  2.048709E+03
9.441234E-03  1.155848E+07  2.702801E+05  8.468777E+05  2.402490E+04  7.307574E+04  2.502594E+03
9.661149E-03  1.115500E+07  2.729321E+05  8.520567E+05  2.934753E+04  6.652107E+04  3.913004E+03
9.886186E-03  1.095987E+07  2.605055E+05  8.302716E+05  2.389958E+04  5.688101E+04  1.911967E+03
1.011646E-02  1.065341E+07  2.494374E+05  8.323923E+05  2.242134E+04  6.259291E+04  4.204001E+03
1.035211E-02  1.036526E+07  2.661270E+05  7.801218E+05  2.601928E+04  5.888573E+04  2.282393E+03
1.059324E-02  1.017482E+07  2.511474E+05  8.016198E+05  2.275048E+04  7.851145E+04  2.230439E+03
1.083999E-02  1.003955E+07  2.415072E+05  8.012459E+05  2.528415E+04  6.103070E+04  2.179668E+03
1.109248E-02  9.779072E+06  2.185434E+05  7.629849E+05  2.598664E+04  5.495536E+04  2.130053E+03
1.135086E-02  9.498189E+06  2.352170E+05  7.339604E+05  2.123198E+04  5.911650E+04  2.081567E+03
1.161526E-02  9.406069E+06  2.249808E+05  7.148124E+05  2.318970E+04  6.102554E+04  2.441021E+03
1.188581E-02  9.092964E+06  2.301966E+05  7.311426E+05  2.584245E+04  6.361219E+04  1.590305E+03
1.216267E-02  8.868111E+06  2.253452E+05  7.265440E+05  1.942631E+04  6.643798E+04  1.942631E+03
1.244597E-02  8.746741E+06  2.167986E+05  6.944389E+05  2.278094E+04  6.188821E+04  1.518729E+03
1.273587E-02  8.451913E+06  2.244790E+05  6.945863E+05  2.003614E+04  5.528491E+04  1.855198E+03
1.303253E-02  8.300134E+06  1.947129E+05  6.588329E+05  1.667931E+04  5.293869E+04  2.538156E+03
1.333610E-02  8.112263E+06  1.920523E+05  6.456077E+05  2.692985E+04  5.563140E+04  2.480381E+03
1.364674E-02  7.877049E+06  1.998003E+05  6.430315E+05  1.765999E+04  5.505762E+04  2.423921E+03
1.396461E-02  7.659169E+06  2.074344E+05  6.111363E+05  2.639459E+04  4.839008E+04  1.691961E+03
1.428989E-02  7.527815E+06  1.703051E+05  6.197120E+05  2.017206E+04  5.654790E+04  1.322758E+03
1.462274E-02  7.373588E+06  1.906656E+05  5.581008E+05  1.615810E+04  5.170593E+04  4.201107E+03
1.496335E-02  7.295434E+06  1.711668E+05  5.807672E+05  1.768513E+04  5.052896E+04  1.263224E+03
1.531189E-02  6.949754E+06  1.743688E+05  5.758800E+05  1.944289E+04  4.721845E+04  3.086174E+03
1.566855E-02  6.946878E+06  1.791459E+05  5.449774E+05  1.477803E+04  4.493726E+04  1.206369E+03
1.603352E-02  6.711824E+06  1.706471E+05  5.346353E+05  1.856782E+04  5.334564E+04  1.768364E+03
1.640699E-02  6.538307E+06  1.610023E+05  5.506913E+05  1.728111E+04  4.291475E+04  1.728111E+03
1.678915E-02  6.471946E+06  1.522711E+05  5.181722E+05  1.745067E+04  4.278228E+04  2.533161E+03
1.718022E-02  6.345255E+06  1.504554E+05  5.311322E+05  1.952894E+04  3.658238E+04  2.750555E+03
1.758040E-02  6.088732E+06  1.534816E+05  5.201173E+05  1.747164E+04  4.461988E+04  5.375890E+02
1.798990E-02  6.005035E+06  1.565549E+05  4.967203E+05  1.733661E+04  4.229083E+04  1.838732E+03
1.840894E-02  5.842161E+06  1.506810E+05  5.013287E+05  1.822547E+04  4.466523E+04  1.540180E+03
1.883774E-02  5.758846E+06  1.495087E+05  4.849000E+05  1.630548E+04  3.762804E+04  1.755975E+03
1.927653E-02  5.579466E+06  1.412026E+05  4.888161E+05  1.225717E+04  4.486126E+04  1.470861E+03
1.972553E-02  5.510675E+06  1.346346E+05  4.477439E+05  2.108157E+04  3.545537E+04  9.582533E+02
2.018500E-02  5.359251E+06  1.296971E+05  4.576854E+05  1.428072E+04  3.839407E+04  1.404661E+03
2.065517E-02  5.229481E+06  1.340658E+05  4.609941E+05  1.509956E+04  3.637621E+04  1.372687E+03
2.113629E-02  5.139508E+06  1.283312E+05  4.373098E+05  1.520300E+04  4.001966E+04  1.341441E+03
2.162862E-02  5.000670E+06  1.317461E+05  4.354393E+05  1.441997E+04  3.386507E+04  2.184844E+03
2.213241E-02  4.941286E+06  1.278931E+05  4.287302E+05  1.238364E+04  3.437528E+04  1.921599E+03
2.264794E-02  4.789374E+06  1.160099E+05  4.260652E+05  1.585747E+04  3.964368E+04  1.460557E+03
2.317548E-02  4.652624E+06  1.241760E+05  4.110653E+05  1.264189E+04  3.425545E+04  1.835113E+03
2.371531E-02  4.572222E+06  1.131797E+05  4.082839E+05  1.155709E+04  3.566756E+04  9.963005E+02
2.426771E-02  4.449452E+06  1.092404E+05  3.954852E+05  1.148874E+04  3.271370E+04  1.557795E+03
2.483298E-02  4.355401E+06  1.031382E+05  3.868635E+05  1.293985E+04  3.539430E+04  9.514596E+02
2.541141E-02  4.223531E+06  1.048816E+05  3.743382E+05  9.855898E+03  3.310094E+04  1.487683E+03
2.600332E-02  4.148654E+06  1.030394E+05  3.716325E+05  1.108537E+04  2.943983E+04  1.272092E+03
2.660901E-02  4.075708E+06  1.060217E+05  3.626403E+05  1.420726E+04  3.427501E+04  8.879537E+02
2.722882E-02  3.975124E+06  1.079470E+05  3.427579E+05  1.128064E+04  3.106514E+04  1.561935E+03
2.786306E-02  3.891253E+06  9.870595E+04  3.478452E+05  1.102386E+04  3.018842E+04  1.187185E+03
2.851207E-02  3.783286E+06  9.612765E+04  3.392643E+05  1.093866E+04  3.082714E+04  6.629493E+02
2.917620E-02  3.713850E+06  1.002561E+05  3.543787E+05  1.279521E+04  2.882971E+04  6.478588E+02
2.985580E-02  3.652105E+06  9.591642E+04  3.387148E+05  8.547008E+03  3.007281E+04  1.107945E+03
3.055124E-02  3.521487E+06  9.605322E+04  3.226522E+05  9.435180E+03  2.660411E+04  4.640252E+02
3.126287E-02  3.444956E+06  9.280870E+04  3.175751E+05  9.673871E+03  2.735892E+04  1.058080E+03
3.199107E-02  3.372744E+06  8.493529E+04  3.197998E+05  9.010527E+03  2.614530E+04  2.954271E+02
3.273624E-02  3.293083E+06  8.487849E+04  3.221918E+05  9.094124E+03  3.031375E+04  1.154809E+03
3.349876E-02  3.204440E+06  9.197461E+04  3.131651E+05  9.169248E+03  2.595602E+04  1.410653E+03
3.427905E-02  3.185675E+06  8.533182E+04  3.063123E+05  9.925510E+03  2.329738E+04  1.792106E+03
3.507751E-02  3.051999E+06  8.487131E+04  2.904485E+05  9.564862E+03  2.734742E+04  5.388654E+02
3.589457E-02  3.015440E+06  8.386095E+04  2.987135E+05  9.215489E+03  2.698822E+04  1.448148E+03
3.673066E-02  2.947700E+06  8.362453E+04  2.808498E+05  1.157878E+04  2.199968E+04  7.719187E+02
3.758623E-02  2.853069E+06  7.178876E+04  2.874065E+05  8.172100E+03  2.363623E+04  1.257246E+03
3.846173E-02  2.815032E+06  7.814073E+04  2.669808E+05  8.723257E+03  2.371252E+04  6.143139E+02
3.935762E-02  2.742790E+06  7.384064E+04  2.649858E+05  7.444097E+03  2.221223E+04  6.003304E+02
4.027437E-02  2.700889E+06  6.910916E+04  2.692793E+05  9.386644E+03  2.194128E+04  5.866652E+02
4.121248E-02  2.619917E+06  7.120524E+04  2.452625E+05  7.797031E+03  2.350575E+04  2.293244E+02
4.217245E-02  2.566779E+06  6.857594E+04  2.623142E+05  9.076227E+03  2.252249E+04  3.361566E+02
4.315477E-02  2.528829E+06  7.051901E+04  2.508681E+05  8.760125E+03  2.200982E+04  7.665110E+02
4.415997E-02  2.465060E+06  6.527550E+04  2.443016E+05  8.774739E+03  1.990368E+04  7.490631E+02
4.518859E-02  2.403928E+06  6.535824E+04  2.375903E+05  8.784148E+03  2.143750E+04  1.045732E+03
4.624117E-02  2.343281E+06  6.642533E+04  2.372917E+05  7.255689E+03  1.982541E+04  1.021928E+03
4.731826E-02  2.272465E+06  5.752317E+04  2.297931E+05  7.190396E+03  2.207052E+04  8.987996E+02
4.842045E-02  2.188824E+06  5.992233E+04  2.374447E+05  8.588217E+03  2.020183E+04  4.879669E+02
4.954830E-02  2.204998E+06  5.722313E+04  2.215489E+05  8.678841E+03  2.050495E+04  9.537188E+02
5.070243E-02  2.128150E+06  5.815739E+04  2.223775E+05  7.735679E+03  1.836059E+04  8.388085E+02
5.188344E-02  2.076338E+06  5.437442E+04  2.191371E+05  6.830958E+03  1.894452E+04  8.197149E+02
5.309196E-02  2.022666E+06  5.536187E+04  2.187773E+05  7.476522E+03  2.011540E+04  3.560249E+02
5.432863E-02  1.980800E+06  5.201415E+04  2.114488E+05  7.045395E+03  1.948356E+04  4.349009E+02
5.559411E-02  1.935456E+06  5.389018E+04  2.108007E+05  6.205020E+03  1.785006E+04  8.500028E+02
5.688906E-02  1.910754E+06  5.158363E+04  1.972804E+05  6.479104E+03  1.744374E+04  9.137198E+02
5.821418E-02  1.847210E+06  5.487405E+04  2.055342E+05  8.198638E+03  1.842664E+04  3.246985E+02
5.957016E-02  1.797944E+06  5.267304E+04  1.918917E+05  6.108169E+03  1.753124E+04  6.346150E+02
6.095773E-02  1.772134E+06  4.868330E+04  1.928727E+05  6.976906E+03  1.868260E+04  6.201694E+02
6.237762E-02  1.734977E+06  5.015085E+04  1.917399E+05  5.909013E+03  1.848460E+04  5.302960E+02
6.383058E-02  1.692745E+06  4.937944E+04  1.869312E+05  5.108218E+03  1.717546E+04  6.662893E+02
6.531738E-02  1.659712E+06  4.688084E+04  1.930217E+05  6.004798E+03  1.562695E+04  6.511227E+02
6.683882E-02  1.619599E+06  4.298569E+04  1.817701E+05  6.575114E+03  1.781644E+04  5.656012E+02
6.839570E-02  1.592129E+06  4.297449E+04  1.838507E+05  5.665447E+03  1.478544E+04  8.981806E+02
6.998884E-02  1.553187E+06  4.557473E+04  1.720362E+05  6.076631E+03  1.505654E+04  6.751812E+02
7.161909E-02  1.518426E+06  4.262387E+04  1.739925E+05  5.806347E+03  1.491176E+04  7.917746E+02
7.328731E-02  1.465615E+06  4.152467E+04  1.686779E+05  5.932096E+03  1.289586E+04  7.092723E+02
7.499439E-02  1.448006E+06  4.297389E+04  1.711394E+05  4.977914E+03  1.518579E+04  6.301158E+02
7.674123E-02  1.397496E+06  4.205727E+04  1.701995E+05  4.864603E+03  1.360857E+04  5.541953E+02
7.852877E-02  1.376095E+06  4.103975E+04  1.621732E+05  4.874223E+03  1.323863E+04  3.008779E+02
8.035794E-02  1.339361E+06  3.869423E+04  1.591286E+05  4.292825E+03  1.217281E+04  5.880582E+02
8.222971E-02  1.304966E+06  3.873292E+04  1.555638E+05  4.999650E+03  1.344733E+04  5.172052E+02
8.414509E-02  1.288683E+06  3.785125E+04  1.485409E+05  4.605048E+03  1.257964E+04  3.931139E+02
8.610508E-02  1.238165E+06  3.567251E+04  1.508673E+05  4.116059E+03  1.426900E+04  2.744039E+02
8.811073E-02  1.244198E+06  3.405603E+04  1.473259E+05  5.094997E+03  1.287157E+04  5.899470E+02
9.016309E-02  1.187523E+06  3.495797E+04  1.448633E+05  5.241075E+03  1.205447E+04  3.668752E+02
9.226326E-02  1.167815E+06  3.626215E+04  1.407975E+05  5.224209E+03  1.290687E+04  5.121773E+02
9.441234E-02  1.142384E+06  3.283403E+04  1.403455E+05  5.705914E+03  1.386437E+04  3.003112E+02
9.661149E-02  1.111587E+06  3.233120E+04  1.399388E+05  4.402130E+03  1.208140E+04  4.891255E+02
9.886186E-02  1.084946E+06  3.140405E+04  1.370402E+05  3.632737E+03  1.080261E+04  6.691884E+02
1.011646E-01  1.075384E+06  3.087605E+04  1.382182E+05  5.371780E+03  1.284556E+04  4.204001E+02
1.035211E-01  1.039036E+06  3.177090E+04  1.290008E+05  4.701729E+03  1.173150E+04  5.934221E+02
1.059324E-01  1.015831E+06  3.162762E+04  1.322650E+05  4.728531E+03  1.199976E+04  3.122615E+02
1.083999E-01  9.954108E+05  3.016660E+04  1.264207E+05  4.272149E+03  1.115990E+04  3.051535E+02
1.109248E-01  9.778220E+05  3.067276E+04  1.298906E+05  5.325132E+03  1.124668E+04  3.408084E+02
1.135086E-01  9.422836E+05  2.789299E+04  1.251022E+05  4.079871E+03  1.115720E+04  8.326267E+01
1.161526E-01  9.337314E+05  2.766491E+04  1.230682E+05  4.312471E+03  1.098460E+04  3.254695E+02
1.188581E-01  9.117614E+05  2.922185E+04  1.234076E+05  4.254065E+03  1.164898E+04  5.963642E+02
1.216267E-01  8.803227E+05  2.781848E+04  1.197826E+05  4.001820E+03  1.142267E+04  6.216420E+02
1.244597E-01  8.690928E+05  2.756493E+04  1.164106E+05  4.328378E+03  1.222577E+04  4.176505E+02
1.273587E-01  8.522039E+05  2.741983E+04  1.143544E+05  3.673293E+03  1.024069E+04  4.081436E+02
1.303253E-01  8.373378E+05  2.588920E+04  1.156674E+05  3.517160E+03  9.826291E+03  4.713719E+02
1.333610E-01  8.090648E+05  2.657551E+04  1.139558E+05  4.216648E+03  9.956958E+03  3.189061E+02
1.364674E-01  7.851771E+05  2.513952E+04  1.103230E+05  3.809018E+03  9.210898E+03  2.077646E+02
1.396461E-01  7.741398E+05  2.575165E+04  1.108234E+05  3.485440E+03  9.711856E+03  3.722314E+02
1.428989E-01  7.647194E+05  2.463636E+04  1.065151E+05  3.538377E+03  9.490787E+03  4.629652E+02
1.462274E-01  7.472799E+05  2.407557E+04  1.041228E+05  4.136474E+03  9.177802E+03  2.585296E+02
1.496335E-01  7.279959E+05  2.191693E+04  1.016264E+05  3.600188E+03  9.442599E+03  3.473866E+02
1.531189E-01  7.065486E+05  2.308458E+04  1.019980E+05  3.456514E+03  9.412829E+03  2.777556E+02
1.566855E-01  6.928783E+05  2.225752E+04  9.877150E+04  2.834968E+03  9.349363E+03  3.015924E+02
1.603352E-01  6.619280E+05  2.301820E+04  1.009441E+05  3.418836E+03  8.488146E+03  2.652546E+02
1.640699E-01  6.618664E+05  2.085254E+04  9.804149E+04  3.369816E+03  8.582950E+03  5.184332E+02
1.678915E-01  6.391447E+05  2.302362E+04  9.665418E+04  2.673893E+03  7.627630E+03  2.814624E+02
1.718022E-01  6.259438E+05  2.109676E+04  9.101587E+04  3.823271E+03  8.169148E+03  2.475500E+02
1.758040E-01  6.195713E+05  1.997143E+04  9.453502E+04  2.983619E+03  7.956316E+03  3.225534E+02
1.798990E-01  6.013441E+05  2.098781E+04  8.875821E+04  3.309717E+03  7.459997E+03  4.202815E+02
1.840894E-01  5.870911E+05  2.004801E+04  9.099899E+04  3.388397E+03  7.623893E+03  2.310271E+02
1.883774E-01  5.729998E+05  1.946624E+04  8.877709E+04  2.533621E+03  7.726291E+03  3.010243E+02
1.927653E-01  5.726797E+05  2.078817E+04  8.413324E+04  3.162351E+03  7.403333E+03  2.451435E+02
1.972553E-01  5.432338E+05  1.981189E+04  8.621884E+04  2.778935E+03  7.210856E+03  4.072577E+02
2.018500E-01  5.389217E+05  1.837765E+04  8.446696E+04  2.832733E+03  8.334323E+03  3.979873E+02
2.065517E-01  5.232684E+05  1.818811E+04  8.350514E+04  2.447959E+03  7.320998E+03  4.118062E+02
2.113629E-01  5.144203E+05  1.781881E+04  8.015110E+04  2.660525E+03  7.713286E+03  2.235735E+02
2.162862E-01  5.032569E+05  1.721657E+04  8.066442E+04  2.774751E+03  6.576379E+03  3.277265E+02
2.213241E-01  4.906697E+05  1.695278E+04  8.025880E+04  2.476728E+03  6.746949E+03  3.202666E+02
2.264794E-01  4.817333E+05  1.775619E+04  7.757642E+04  2.775057E+03  6.948076E+03  2.921113E+02
2.317548E-01  4.658129E+05  1.712772E+04  7.638149E+04  2.365257E+03  6.076264E+03  1.835113E+02
2.371531E-01  4.566244E+05  1.538288E+04  7.565906E+04  2.191861E+03  6.495879E+03  3.586682E+02
2.426771E-01  4.431927E+05  1.612318E+04  7.333320E+04  2.141968E+03  6.270125E+03  2.336693E+02
2.483298E-01  4.380139E+05  1.602258E+04  7.339559E+04  2.740204E+03  6.127400E+03  2.664087E+02
2.541141E-01  4.228180E+05  1.539752E+04  7.165052E+04  2.268716E+03  6.657380E+03  2.045564E+02
2.600332E-01  4.164101E+05  1.491982E+04  6.961976E+04  2.307938E+03  6.651222E+03  3.271093E+02
2.660901E-01  4.061678E+05  1.541488E+04  6.858555E+04  2.290921E+03  5.789458E+03  3.196633E+02
2.722882E-01  3.967140E+05  1.367561E+04  6.771854E+04  2.256128E+03  5.917997E+03  1.561935E+02
2.786306E-01  3.881756E+05  1.402574E+04  6.765258E+04  2.306531E+03  6.105523E+03  3.052761E+02
2.851207E-01  3.780966E+05  1.357389E+04  6.564856E+04  2.171159E+03  5.651643E+03  1.988848E+02
2.917620E-01  3.709153E+05  1.407473E+04  6.705338E+04  2.267506E+03  5.377228E+03  1.619647E+02
2.985580E-01  3.633111E+05  1.334283E+04  6.427666E+04  2.279202E+03  5.381449E+03  3.482114E+02
3.055124E-01  3.573149E+05  1.457039E+04  6.177723E+04  2.026243E+03  5.274420E+03  2.320126E+02
3.126287E-01  3.454026E+05  1.355854E+04  6.301620E+04  1.995236E+03  5.109013E+03  1.965005E+02
3.199107E-01  3.398741E+05  1.354533E+04  6.060687E+04  2.304331E+03  5.347231E+03  1.477136E+02
3.273624E-01  3.300590E+05  1.248638E+04  6.042540E+04  1.761084E+03  5.658566E+03  1.587863E+02
3.349876E-01  3.205569E+05  1.320372E+04  5.941672E+04  1.932595E+03  5.543868E+03  1.692784E+02
3.427905E-01  3.116334E+05  1.264124E+04  5.766446E+04  1.998887E+03  5.086824E+03  1.654252E+02
3.507751E-01  3.085813E+05  1.209753E+04  5.814358E+04  2.074632E+03  4.876732E+03  2.694327E+02
3.589457E-01  3.006356E+05  1.163785E+04  5.729401E+04  1.882593E+03  5.042189E+03  1.843098E+02
3.673066E-01  2.930847E+05  1.188755E+04  5.629861E+04  2.109911E+03  4.528590E+03  2.058450E+02
3.758623E-01  2.881734E+05  1.152895E+04  5.354612E+04  1.722427E+03  4.840398E+03  1.885869E+02
3.846173E-01  2.779770E+05  1.130338E+04  5.377704E+04  1.842942E+03  4.251052E+03  1.720079E+02
3.935762E-01  2.742309E+05  1.132223E+04  5.294914E+04  1.776978E+03  4.502478E+03  1.800991E+02
4.027437E-01  2.674724E+05  1.101757E+04  5.396147E+04  1.619196E+03  4.951454E+03  1.525330E+02
4.121248E-01  2.590105E+05  1.072092E+04  4.959141E+04  1.857528E+03  4.930475E+03  1.146622E+02
4.217245E-01  2.558600E+05  1.016313E+04  5.004251E+04  1.445473E+03  4.773423E+03  2.353096E+02
4.315477E-01  2.501344E+05  1.029315E+04  5.002032E+04  1.412570E+03  4.434814E+03  2.409035E+02
4.415997E-01  2.444728E+05  1.029427E+04  4.906363E+04  1.765649E+03  3.948632E+03  1.284108E+02
4.518859E-01  2.406124E+05  1.008086E+04  4.828144E+04  1.694086E+03  4.308415E+03  1.777744E+02
4.624117E-01  2.366990E+05  9.074721E+03  4.694738E+04  1.563550E+03  4.169467E+03  1.737278E+02
4.731826E-01  2.281553E+05  9.806902E+03  4.673758E+04  1.527959E+03  4.254318E+03  1.398133E+02
4.842045E-01  2.215662E+05  9.085943E+03  4.515645E+04  1.395585E+03  3.503602E+03  1.268714E+02
4.954830E-01  2.168089E+05  1.009034E+04  4.586434E+04  1.430578E+03  4.368032E+03  1.335206E+02
5.070243E-01  2.131040E+05  9.282815E+03  4.411201E+04  1.584416E+03  4.100842E+03  1.770818E+02
5.188344E-01  2.084808E+05  8.852921E+03  4.370902E+04  1.329760E+03  3.834444E+03  1.730509E+02
5.309196E-01  2.026583E+05  9.069733E+03  4.269628E+04  1.299491E+03  4.005280E+03  1.424099E+02
5.432863E-01  1.962621E+05  8.471870E+03  4.248112E+04  1.452569E+03  3.600980E+03  2.000544E+02
5.559411E-01  1.935116E+05  8.542528E+03  4.200714E+04  1.385505E+03  3.757012E+03  1.530005E+02
5.688906E-01  1.878359E+05  8.613886E+03  4.230523E+04  1.054931E+03  3.812703E+03  1.079851E+02
5.821418E-01  1.863770E+05  8.133698E+03  4.001098E+04  1.396204E+03  3.628506E+03  1.055270E+02
5.957016E-01  1.822059E+05  8.432447E+03  4.077401E+04  1.412018E+03  3.760094E+03  1.824518E+02
6.095773E-01  1.751901E+05  7.713357E+03  3.826445E+04  1.325612E+03  3.263641E+03  1.317860E+02
6.237762E-01  1.706568E+05  8.037773E+03  3.814344E+04  1.325740E+03  3.302987E+03  1.136349E+02
6.383058E-01  1.694374E+05  8.106520E+03  3.778601E+04  1.339982E+03  3.353656E+03  1.776772E+02
6.531738E-01  1.685684E+05  7.618136E+03  3.833666E+04  1.208194E+03  3.414777E+03  1.374592E+02
6.683882E-01  1.612034E+05  7.260905E+03  3.619141E+04  1.258463E+03  3.520868E+03  1.272603E+02
6.839570E-01  1.585634E+05  7.399627E+03  3.576832E+04  1.098544E+03  3.226541E+03  1.312726E+02
6.998884E-01  1.531514E+05  6.967870E+03  3.563606E+04  1.188319E+03  3.045067E+03  1.552917E+02
7.161909E-01  1.498368E+05  7.191953E+03  3.461375E+04  1.115083E+03  3.219884E+03  9.897183E+01
7.328731E-01  1.472063E+05  6.725191E+03  3.419337E+04  1.115492E+03  3.165934E+03  1.289586E+02
7.499439E-01  1.431497E+05  7.076200E+03  3.321970E+04  1.127907E+03  2.848123E+03  1.008185E+02
7.674123E-01  1.387274E+05  6.490243E+03  3.232190E+04  1.046813E+03  2.697084E+03  1.477854E+02
7.852877E-01  1.371341E+05  6.703560E+03  3.257906E+04  1.173424E+03  2.804182E+03  1.263687E+02
8.035794E-01  1.352828E+05  6.151089E+03  3.174338E+04  1.129072E+03  2.869724E+03  9.996990E+01
8.222971E-01  1.324160E+05  6.430584E+03  3.146906E+04  9.884365E+02  2.746934E+03  1.264279E+02
8.414509E-01  1.286381E+05  6.216815E+03  3.038770E+04  1.061407E+03  2.673174E+03  6.177504E+01
8.610508E-01  1.261545E+05  6.404588E+03  3.016248E+04  9.988303E+02  2.727575E+03  9.329734E+01
8.811073E-01  1.237280E+05  6.162265E+03  2.951344E+04  1.056542E+03  2.735209E+03  8.581048E+01
9.016309E-01  1.193602E+05  6.142539E+03  2.924520E+04  1.042974E+03  2.709636E+03  1.310269E+02
9.226326E-01  1.175857E+05  5.546880E+03  2.837975E+04  9.321627E+02  2.484060E+03  7.682660E+01
9.441234E-01  1.150542E+05  5.725934E+03  2.808911E+04  8.759078E+02  2.392480E+03  1.001037E+02
9.661149E-01  1.110462E+05  5.942875E+03  2.735679E+04  8.608609E+02  2.538562E+03  9.782511E+01
9.886186E-01  1.091781E+05  5.606842E+03  2.685357E+04  8.508252E+02  2.480777E+03  7.169875E+01
1.011646E+00  1.061884E+05  5.460531E+03  2.716252E+04  8.127736E+02  2.120685E+03  9.342225E+01
1.035211E+00  1.039402E+05  5.482307E+03  2.686376E+04  8.444852E+02  2.277828E+03  5.477742E+01
1.059324E+00  1.021898E+05  5.464575E+03  2.605599E+04  8.609494E+02  2.101074E+03  1.070611E+02
1.083999E+00  9.942338E+04  5.505841E+03  2.536262E+04  8.675079E+02  2.214543E+03  1.438581E+02
1.109248E+00  9.680663E+04  5.180288E+03  2.452543E+04  7.923796E+02  2.253596E+03  5.964147E+01
1.135086E+00  9.395360E+04  4.970781E+03  2.485391E+04  7.576903E+02  2.019120E+03  8.742580E+01
1.161526E+00  9.299885E+04  5.093598E+03  2.424341E+04  8.543575E+02  2.184714E+03  7.323064E+01
1.188581E+00  9.010666E+04  4.973678E+03  2.401360E+04  7.872008E+02  2.226427E+03  6.361219E+01
1.216267E+00  8.737566E+04  4.732249E+03  2.303572E+04  6.876914E+02  1.888237E+03  7.770525E+01
1.244597E+00  8.583478E+04  4.529610E+03  2.341501E+04  7.100059E+02  2.126221E+03  8.732693E+01
1.273587E+00  8.411469E+04  4.741887E+03  2.326790E+04  6.975546E+02  2.014745E+03  7.420793E+01
1.303253E+00  8.229791E+04  4.597689E+03  2.196956E+04  7.505691E+02  1.838350E+03  2.900750E+01
1.333610E+00  8.030056E+04  4.592248E+03  2.239430E+04  7.476577E+02  1.810678E+03  8.149823E+01
1.364674E+00  7.840344E+04  4.328430E+03  2.141707E+04  7.375644E+02  1.869882E+03  7.271762E+01
1.396461E+00  7.751888E+04  4.141920E+03  2.074683E+04  6.801683E+02  1.817166E+03  6.091060E+01
1.428989E+00  7.446796E+04  4.345259E+03  2.078052E+04  6.712996E+02  1.798951E+03  5.952410E+01
1.462274E+00  7.322852E+04  4.291592E+03  2.033336E+04  6.721770E+02  1.906656E+03  7.755889E+01
1.496335E+00  7.178586E+04  4.184429E+03  2.019895E+04  6.252958E+02  1.815884E+03  5.684508E+01
1.531189E+00  6.972592E+04  4.120042E+03  1.939660E+04  6.480964E+02  1.666534E+03  8.332668E+01
1.566855E+00  6.844639E+04  3.902605E+03  1.891286E+04  5.428663E+02  1.824634E+03  7.238217E+01
1.603352E+00  6.710351E+04  3.967029E+03  1.869750E+04  5.806127E+02  1.632789E+03  7.368182E+01
1.640699E+00  6.578054E+04  3.951613E+03  1.828053E+04  5.875577E+02  1.702189E+03  6.624425E+01
1.678915E+00  6.458154E+04  3.799742E+03  1.774902E+04  6.445488E+02  1.570560E+03  6.192172E+01
1.718022E+00  6.274841E+04  3.768260E+03  1.790611E+04  6.188749E+02  1.529309E+03  5.501110E+01
1.758040E+00  6.106742E+04  3.601846E+03  1.741788E+04  5.564046E+02  1.564384E+03  4.569506E+01
1.798990E+00  5.922292E+04  3.627555E+03  1.731035E+04  5.700068E+02  1.604950E+03  6.566899E+01
1.840894E+00  5.864237E+04  3.421767E+03  1.688551E+04  6.006704E+02  1.447770E+03  6.674115E+01
1.883774E+00  5.745802E+04  3.572155E+03  1.607470E+04  5.368267E+02  1.475019E+03  4.515365E+01
1.927653E+00  5.561570E+04  3.238345E+03  1.602748E+04  4.853841E+02  1.453701E+03  6.864017E+01
1.972553E+00  5.429224E+04  3.298787E+03  1.617052E+04  5.677651E+02  1.351137E+03  7.186900E+01
2.018500E+00  5.234704E+04  3.284566E+03  1.575093E+04  5.033369E+02  1.334428E+03  6.555086E+01
2.065517E+00  5.178691E+04  3.223527E+03  1.546103E+04  5.422115E+02  1.358960E+03  4.346843E+01
2.113629E+00  5.148674E+04  3.094257E+03  1.521194E+04  4.963332E+02  1.227419E+03  5.142191E+01
2.162862E+00  5.008754E+04  3.246677E+03  1.432820E+04  4.216748E+02  1.332755E+03  5.462109E+01
2.213241E+00  4.872535E+04  2.963533E+03  1.472159E+04  4.825350E+02  1.313093E+03  4.270221E+01
2.264794E+00  4.697567E+04  2.992054E+03  1.428007E+04  4.319074E+02  1.239387E+03  5.007622E+01
2.317548E+00  4.653031E+04  3.111536E+03  1.397948E+04  4.730514E+02  1.268267E+03  4.485832E+01
2.371531E+00  4.525595E+04  2.955027E+03  1.351781E+04  4.921724E+02  1.129805E+03  3.785942E+01
2.426771E+00  4.450815E+04  2.821556E+03  1.352750E+04  4.128157E+02  1.252078E+03  3.505039E+01
2.483298E+00  4.332757E+04  2.728786E+03  1.310921E+04  3.881955E+02  1.141751E+03  4.376714E+01
2.541141E+00  4.247706E+04  2.767090E+03  1.296887E+04  4.797777E+02  1.095306E+03  4.834969E+01
2.600332E+00  4.145383E+04  2.773160E+03  1.262097E+04  4.179729E+02  1.084912E+03  3.816275E+01
2.660901E+00  4.064342E+04  2.683396E+03  1.268708E+04  4.422010E+02  1.067320E+03  4.084587E+01
2.722882E+00  3.956727E+04  2.587605E+03  1.209111E+04  3.974256E+02  1.062116E+03  3.644514E+01
2.786306E+00  3.875141E+04  2.465953E+03  1.173787E+04  4.138188E+02  1.014195E+03  3.052761E+01
2.851207E+00  3.739863E+04  2.494347E+03  1.161653E+04  3.613074E+02  1.029229E+03  4.143433E+01
2.917620E+00  3.693605E+04  2.531508E+03  1.170843E+04  3.498437E+02  1.007420E+03  4.373047E+01
2.985580E+00  3.552706E+04  2.486546E+03  1.137543E+04  3.228870E+02  9.211775E+02  3.323836E+01
3.055124E+00  3.539584E+04  2.400557E+03  1.107783E+04  3.851409E+02  9.435180E+02  4.794927E+01
3.126287E+00  3.422585E+04  2.371610E+03  1.076067E+04  3.264932E+02  8.646023E+02  2.871931E+01
3.199107E+00  3.341133E+04  2.369325E+03  1.057334E+04  3.796238E+02  9.704780E+02  3.101985E+01
3.273624E+00  3.322242E+04  2.246104E+03  1.043803E+04  3.623215E+02  9.353956E+02  2.598321E+01
3.349876E+00  3.192027E+04  2.248582E+03  1.026674E+04  3.061118E+02  9.409059E+02  3.244503E+01
3.427905E+00  3.102963E+04  2.109171E+03  9.977895E+03  3.280933E+02  8.946745E+02  2.205669E+01
3.507751E+00  3.066010E+04  2.086756E+03  9.851807E+03  3.219721E+02  8.029095E+02  4.445640E+01
3.589457E+00  3.030974E+04  2.090599E+03  9.522233E+03  3.133266E+02  8.741549E+02  4.476095E+01
3.673066E+00  2.855070E+04  2.098332E+03  9.450859E+03  3.293520E+02  8.941392E+02  3.730941E+01
3.758623E+00  2.865390E+04  1.948732E+03  9.275963E+03  3.017391E+02  7.191448E+02  2.640217E+01
3.846173E+00  2.784193E+04  2.022321E+03  9.120104E+03  2.874989E+02  8.022940E+02  3.685883E+01
3.935762E+00  2.724299E+04  1.972686E+03  8.738409E+03  2.857573E+02  7.912355E+02  3.241784E+01
4.027437E+00  2.696196E+04  1.907835E+03  8.635712E+03  2.757327E+02  7.333315E+02  3.285325E+01
4.121248E+00  2.593545E+04  1.841475E+03  8.488444E+03  2.992684E+02  7.212254E+02  3.439867E+01
4.217245E+00  2.561065E+04  1.869030E+03  8.318754E+03  2.745279E+02  6.947236E+02  2.577200E+01
4.315477E+00  2.492037E+04  1.813346E+03  8.139252E+03  2.781340E+02  7.314705E+02  2.847041E+01
4.415997E+00  2.405241E+04  1.750667E+03  8.205451E+03  2.867841E+02  6.698764E+02  1.926162E+01
4.518859E+00  2.342230E+04  1.726503E+03  7.734233E+03  2.363354E+02  6.786800E+02  2.509756E+01
4.624117E+00  2.360756E+04  1.697423E+03  7.641978E+03  2.125610E+02  6.765164E+02  1.737278E+01
4.731826E+00  2.270268E+04  1.665775E+03  7.493991E+03  2.706385E+02  6.121824E+02  1.697732E+01
4.842045E+00  2.229813E+04  1.558566E+03  7.335118E+03  2.508150E+02  6.060549E+02  3.220581E+01
4.954830E+00  2.176005E+04  1.521181E+03  7.255893E+03  2.479669E+02  5.998891E+02  2.384297E+01
5.070243E+00  2.096369E+04  1.570436E+03  7.153173E+03  2.768068E+02  6.086022E+02  3.168832E+01
5.188344E+00  2.071875E+04  1.517383E+03  6.912929E+03  2.286094E+02  6.320913E+02  2.459145E+01
5.309196E+00  2.006734E+04  1.449911E+03  6.630963E+03  2.278559E+02  6.150330E+02  1.869131E+01
5.432863E+00  1.992194E+04  1.475184E+03  6.651375E+03  2.391955E+02  5.697202E+02  1.826584E+01
5.559411E+00  1.930951E+04  1.414405E+03  6.328271E+03  2.065507E+02  5.729019E+02  2.295007E+01
5.688906E+00  1.861663E+04  1.393007E+03  6.231569E+03  1.952038E+02  5.856113E+02  2.076636E+01
5.821418E+00  1.858818E+04  1.375910E+03  6.148167E+03  2.053718E+02  5.552345E+02  2.110540E+01
5.957016E+00  1.821266E+04  1.319206E+03  6.101823E+03  1.943508E+02  5.354564E+02  2.062499E+01
6.095773E+00  1.740815E+04  1.350419E+03  6.055954E+03  1.969038E+02  4.938099E+02  1.162818E+01
6.237762E+00  1.710583E+04  1.318922E+03  5.871892E+03  2.007549E+02  5.212052E+02  1.969671E+01
6.383058E+00  1.665575E+04  1.274093E+03  5.718983E+03  1.902626E+02  4.797283E+02  2.591125E+01
6.531738E+00  1.623683E+04  1.276924E+03  5.644510E+03  1.808674E+02  4.622971E+02  2.098062E+01
6.683882E+00  1.599450E+04  1.278966E+03  5.446740E+03  1.718014E+02  4.779330E+02  1.343303E+01
6.839570E+00  1.578518E+04  1.231889E+03  5.463702E+03  1.734180E+02  4.566903E+02  1.036362E+01
6.998884E+00  1.535092E+04  1.147808E+03  5.202946E+03  1.782478E+02  4.699261E+02  1.485399E+01
7.161909E+00  1.478375E+04  1.113763E+03  5.116844E+03  1.682521E+02  4.579097E+02  1.649530E+01
7.328731E+00  1.458909E+04  1.143218E+03  4.995212E+03  1.708702E+02  4.403936E+02  1.805421E+01
7.499439E+00  1.435089E+04  1.132318E+03  5.018242E+03  1.543784E+02  4.102054E+02  1.260232E+01
7.674123E+00  1.403469E+04  1.091765E+03  4.673098E+03  1.391646E+02  4.156465E+02  1.785740E+01
7.852877E+00  1.355756E+04  1.096399E+03  4.681661E+03  1.492355E+02  3.941501E+02  1.925619E+01
8.035794E+00  1.327247E+04  1.069678E+03  4.533929E+03  1.540713E+02  3.987035E+02  1.940592E+01
8.222971E+00  1.311058E+04  1.014297E+03  4.468078E+03  1.563109E+02  3.815825E+02  1.321747E+01
8.414509E+00  1.279136E+04  1.023219E+03  4.402314E+03  1.561224E+02  3.796357E+02  1.291660E+01
8.610508E+00  1.239208E+04  9.790733E+02  4.373999E+03  1.481781E+02  3.885560E+02  1.207377E+01
8.811073E+00  1.217275E+04  1.000765E+03  4.253518E+03  1.292520E+02  3.807840E+02  1.394420E+01
9.016309E+00  1.192449E+04  9.454899E+02  4.126298E+03  1.357438E+02  3.584895E+02  1.153036E+01
9.226326E+00  1.151323E+04  8.968225E+02  4.050810E+03  1.295809E+02  3.283057E+02  1.075572E+01
9.441234E+00  1.134776E+04  8.999327E+02  3.982127E+03  1.426478E+02  3.238356E+02  1.201245E+01
9.661149E+00  1.105473E+04  8.999910E+02  3.940395E+03  1.291291E+02  3.404314E+02  1.076076E+01
9.886186E+00  1.091542E+04  8.938444E+02  3.779958E+03  1.223659E+02  3.274243E+02  1.433975E+01
1.011646E+01  1.048011E+04  8.893798E+02  3.645336E+03  1.219160E+02  3.213725E+02  1.214489E+01
1.035211E+01  1.033559E+04  8.339862E+02  3.584269E+03  1.150326E+02  2.935157E+02  1.232492E+01
1.059324E+01  1.011861E+04  8.422138E+02  3.523647E+03  1.088454E+02  2.930797E+02  1.115219E+01
1.083999E+01  9.869101E+03  7.899117E+02  3.524959E+03  1.094193E+02  3.121285E+02  1.002647E+01
1.109248E+01  9.695148E+03  7.979177E+02  3.376133E+03  1.133188E+02  2.879831E+02  1.363234E+01
1.135086E+01  9.355810E+03  7.859996E+02  3.364228E+03  1.132372E+02  2.797626E+02  1.040783E+01
1.161526E+01  9.213635E+03  7.473594E+02  3.268935E+03  1.069981E+02  2.738012E+02  8.543575E+00
1.188581E+01  8.993570E+03  7.506238E+02  3.136876E+03  1.009843E+02  2.798936E+02  7.951523E+00
1.216267E+01  8.777973E+03  7.203276E+02  3.091503E+03  1.025709E+02  2.789618E+02  1.087873E+01
1.244597E+01  8.551964E+03  6.853265E+02  3.007084E+03  1.036533E+02  2.764087E+02  1.139047E+01
1.273587E+01  8.392175E+03  6.997808E+02  2.962010E+03  8.793640E+01  2.578726E+02  8.162873E+00
1.303253E+01  8.232692E+03  6.599207E+02  2.897124E+03  9.608735E+01  2.563538E+02  9.064844E+00
1.333610E+01  8.072577E+03  6.530489E+02  2.792909E+03  9.319145E+01  2.391796E+02  7.795483E+00
1.364674E+01  7.811257E+03  6.316044E+02  2.772619E+03  8.449094E+01  2.423921E+02  6.925487E+00
1.396461E+01  7.598258E+03  6.331318E+02  2.757220E+03  7.850699E+01  2.416120E+02  8.459805E+00
1.428989E+01  7.478211E+03  6.233496E+02  2.608148E+03  9.160098E+01  2.238768E+02  1.421965E+01
1.462274E+01  7.346443E+03  5.761979E+02  2.628923E+03  8.079051E+01  2.307377E+02  5.816917E+00
1.496335E+01  7.227220E+03  6.035052E+02  2.549817E+03  7.579343E+01  2.166429E+02  1.073740E+01
1.531189E+01  6.958704E+03  5.641525E+02  2.474803E+03  8.270945E+01  1.975151E+02  1.172746E+01
1.566855E+01  6.821114E+03  5.805653E+02  2.375945E+03  8.535064E+01  2.228768E+02  9.047771E+00
1.603352E+01  6.687067E+03  5.670553E+02  2.362534E+03  6.955564E+01  2.101406E+02  1.119964E+01
1.640699E+01  6.560197E+03  5.414747E+02  2.349655E+03  7.546084E+01  1.970046E+02  9.792628E+00
1.678915E+01  6.288432E+03  5.533550E+02  2.255077E+03  7.768361E+01  2.015271E+02  7.599484E+00
1.718022E+01  6.132913E+03  5.319573E+02  2.169638E+03  6.793871E+01  1.878629E+02  7.151443E+00
1.758040E+01  5.998686E+03  4.927003E+02  2.122670E+03  7.257451E+01  1.927256E+02  6.451067E+00
1.798990E+01  5.902329E+03  5.043379E+02  2.109551E+03  6.934646E+01  1.836105E+02  6.829575E+00
1.840894E+01  5.773366E+03  4.938845E+02  2.047670E+03  6.391749E+01  1.750672E+02  6.930812E+00
1.883774E+01  5.664274E+03  4.703505E+02  2.005073E+03  6.321511E+01  1.813672E+02  6.522194E+00
1.927653E+01  5.514993E+03  4.821972E+02  1.919719E+03  6.373730E+01  1.608141E+02  6.618874E+00
1.972553E+01  5.433057E+03  4.590033E+02  1.929203E+03  6.492166E+01  1.583514E+02  4.791267E+00
2.018500E+01  5.263500E+03  4.485551E+02  1.864688E+03  5.946399E+01  1.634089E+02  6.555086E+00
2.065517E+01  5.177776E+03  4.269057E+02  1.820412E+03  6.016946E+01  1.569439E+02  7.092217E+00
2.113629E+01  4.972275E+03  4.382041E+02  1.776068E+03  6.148271E+01  1.556072E+02  5.589338E+00
2.162862E+01  4.902789E+03  4.291033E+02  1.759454E+03  5.527654E+01  1.400485E+02  6.554531E+00
2.213241E+01  4.811471E+03  4.344950E+02  1.685243E+03  5.956958E+01  1.421984E+02  3.843199E+00
2.264794E+01  4.691934E+03  4.049915E+02  1.690907E+03  5.153678E+01  1.347885E+02  6.885481E+00
2.317548E+01  4.577180E+03  4.016859E+02  1.616327E+03  5.260658E+01  1.396725E+02  4.078029E+00
2.371531E+01  4.448083E+03  3.869631E+02  1.588103E+03  5.798469E+01  1.301168E+02  4.582982E+00
2.426771E+01  4.316650E+03  3.614085E+02  1.559548E+03  5.043362E+01  1.333862E+02  6.620629E+00
2.483298E+01  4.264822E+03  3.771586E+02  1.496836E+03  4.966619E+01  1.332043E+02  5.137882E+00
2.541141E+01  4.158073E+03  3.583456E+02  1.467413E+03  4.760585E+01  1.294284E+02  4.277088E+00
2.600332E+01  4.047977E+03  3.596385E+02  1.465086E+03  4.688566E+01  1.259371E+02  3.816275E+00
2.660901E+01  3.979631E+03  3.363569E+02  1.382722E+03  4.475287E+01  1.228928E+02  3.551815E+00
2.722882E+01  3.862838E+03  3.509146E+02  1.380056E+03  3.835417E+01  1.178393E+02  2.603224E+00
2.786306E+01  3.794921E+03  3.185048E+02  1.355596E+03  4.613061E+01  1.163441E+02  3.391957E+00
2.851207E+01  3.747321E+03  3.153981E+02  1.297060E+03  4.541203E+01  1.194966E+02  2.486060E+00
2.917620E+01  3.608573E+03  3.095145E+02  1.278063E+03  4.259671E+01  1.112697E+02  3.887153E+00
2.985580E+01  3.522950E+03  3.023108E+02  1.234884E+03  4.384298E+01  1.012979E+02  4.115226E+00
3.055124E+01  3.486840E+03  2.886237E+02  1.207239E+03  4.191695E+01  1.047150E+02  4.176227E+00
3.126287E+01  3.396134E+03  2.812980E+02  1.173410E+03  3.793971E+01  9.779679E+01  3.174239E+00
3.199107E+01  3.307159E+03  2.864166E+02  1.158222E+03  4.106437E+01  9.749094E+01  2.658844E+00
3.273624E+01  3.276627E+03  2.648844E+02  1.129115E+03  3.810871E+01  1.037885E+02  3.897482E+00
3.349876E+01  3.156478E+03  2.677420E+02  1.088178E+03  3.484314E+01  9.380846E+01  2.821307E+00
3.427905E+01  3.110682E+03  2.733651E+02  1.052518E+03  3.432572E+01  8.092048E+01  3.308503E+00
3.507751E+01  2.990973E+03  2.639093E+02  1.048363E+03  3.596927E+01  9.443617E+01  3.233193E+00
3.589457E+01  2.942901E+03  2.573754E+02  1.021339E+03  3.607206E+01  8.860034E+01  2.501347E+00
3.673066E+01  2.889163E+03  2.534467E+02  1.009798E+03  3.049079E+01  8.761278E+01  2.959022E+00
3.758623E+01  2.806928E+03  2.589927E+02  9.537470E+02  2.941956E+01  8.260108E+01  3.268840E+00
3.846173E+01  2.759375E+03  2.372480E+02  9.536609E+02  3.133001E+01  7.752641E+01  3.317295E+00
3.935762E+01  2.684317E+03  2.263246E+02  9.417983E+02  2.845566E+01  7.960381E+01  2.761520E+00
4.027437E+01  2.619930E+03  2.217595E+02  8.997098E+02  3.167992E+01  7.708781E+01  2.815993E+00
4.121248E+01  2.575657E+03  2.237060E+02  8.674197E+02  2.717495E+01  7.911693E+01  2.522569E+00
4.217245E+01  2.500333E+03  2.093135E+02  8.688527E+02  2.935767E+01  7.697985E+01  2.801305E+00
4.315477E+01  2.474516E+03  2.110095E+02  8.386725E+02  2.343334E+01  6.854798E+01  3.175545E+00
4.415997E+01  2.411341E+03  2.047082E+02  8.114493E+02  2.760832E+01  7.447827E+01  1.926162E+00
4.518859E+01  2.328322E+03  2.097738E+02  8.062593E+02  2.677074E+01  6.828629E+01  3.032622E+00
4.624117E+01  2.280433E+03  2.014220E+02  7.710447E+02  2.401531E+01  6.632313E+01  2.248242E+00
4.731826E+01  2.219835E+03  1.940408E+02  7.487999E+02  2.386812E+01  5.822224E+01  2.796265E+00
4.842045E+01  2.168915E+03  1.905999E+02  7.338046E+02  2.371519E+01  6.060549E+01  2.049461E+00
4.954830E+01  2.150445E+03  1.809205E+02  7.079455E+02  2.498743E+01  6.084726E+01  2.575041E+00
5.070243E+01  2.071391E+03  1.765226E+02  7.073952E+02  2.348664E+01  6.151263E+01  2.702828E+00
5.188344E+01  2.046737E+03  1.815213E+02  6.803634E+02  2.267878E+01  5.847300E+01  2.459145E+00
5.309196E+01  1.986085E+03  1.758763E+02  6.569549E+02  2.073845E+01  5.874410E+01  2.225155E+00
5.432863E+01  1.935744E+03  1.717859E+02  6.442622E+02  2.070128E+01  5.940747E+01  1.391683E+00
5.559411E+01  1.890576E+03  1.581005E+02  6.213520E+02  2.057007E+01  5.397518E+01  2.125007E+00
5.688906E+01  1.846462E+03  1.649680E+02  6.033873E+02  2.168008E+01  5.773048E+01  1.329047E+00
5.821418E+01  1.812305E+03  1.537448E+02  5.935489E+02  2.037483E+01  5.097767E+01  2.029366E+00
5.957016E+01  1.777160E+03  1.504831E+02  5.776583E+02  1.927643E+01  4.934132E+01  1.348557E+00
6.095773E+01  1.732443E+03  1.456623E+02  5.757498E+02  1.899269E+01  4.597006E+01  9.302541E-01
6.237762E+01  1.674675E+03  1.421193E+02  5.541594E+02  1.734826E+01  4.530243E+01  2.499967E+00
6.383058E+01  1.636851E+03  1.432522E+02  5.511693E+02  1.887820E+01  4.323477E+01  1.480643E+00
6.531738E+01  1.632075E+03  1.360846E+02  5.260348E+02  1.548225E+01  4.362522E+01  2.098062E+00
6.683882E+01  1.574987E+03  1.338354E+02  5.015469E+02  1.619033E+01  4.517740E+01  1.696804E+00
6.839570E+01  1.532503E+03  1.338980E+02  4.935157E+02  1.789452E+01  4.297449E+01  1.243635E+00
6.998884E+01  1.497552E+03  1.261238E+02  4.803914E+02  1.471895E+01  3.983569E+01  1.417881E+00
7.161909E+01  1.458317E+03  1.274097E+02  4.650356E+02  1.411998E+01  3.675154E+01  1.451587E+00
7.328731E+01  1.425251E+03  1.256057E+02  4.566424E+02  1.541055E+01  3.597945E+01  1.611983E+00
7.499439E+01  1.411081E+03  1.172015E+02  4.298650E+02  1.291737E+01  3.755490E+01  1.575289E+00
7.674123E+01  1.361227E+03  1.180436E+02  4.262994E+02  1.477854E+01  3.663847E+01  1.293122E+00
7.852877E+01  1.337342E+03  1.138522E+02  4.119019E+02  1.384039E+01  3.369833E+01  1.263687E+00
8.035794E+01  1.314369E+03  1.096729E+02  3.975274E+02  1.393698E+01  3.434260E+01  1.234922E+00
8.222971E+01  1.275256E+03  1.088430E+02  3.861224E+02  1.166585E+01  3.327353E+01  9.769431E-01
8.414509E+01  1.245890E+03  1.035574E+02  3.858132E+02  1.257964E+01  3.212302E+01  7.300686E-01
8.610508E+01  1.219616E+03  9.702923E+01  3.697867E+02  1.075663E+01  2.980027E+01  1.646424E+00
8.811073E+01  1.180645E+03  1.045279E+02  3.540219E+02  1.153078E+01  2.976551E+01  1.018999E+00
9.016309E+01  1.151412E+03  9.685506E+01  3.537725E+02  1.299786E+01  2.783011E+01  1.048215E+00
9.226326E+01  1.124741E+03  9.905509E+01  3.417247E+02  1.275322E+01  2.673566E+01  6.658305E-01
9.441234E+01  1.104144E+03  9.429773E+01  3.242861E+02  9.660012E+00  2.877983E+01  9.509856E-01
9.661149E+01  1.084391E+03  8.667305E+01  3.153392E+02  1.027164E+01  2.739103E+01  9.293385E-01
9.886186E+01  1.068981E+03  9.215680E+01  3.079222E+02  1.075481E+01  2.538136E+01  1.242778E+00
1.011646E+02  1.044414E+03  8.632216E+01  2.906366E+02  1.022974E+01  2.312201E+01  1.354623E+00
1.035211E+02  1.006992E+03  8.394640E+01  2.898639E+02  1.136631E+01  2.492373E+01  8.673092E-01
1.059324E+02  9.851849E+02  8.109876E+01  2.738533E+02  9.234017E+00  2.230439E+01  8.029580E-01
1.083999E+02  9.593591E+02  7.877320E+01  2.689274E+02  9.808506E+00  2.288651E+01  3.487469E-01
1.109248E+02  9.481716E+02  7.685230E+01  2.615705E+02  8.179402E+00  2.023550E+01  1.022425E+00
1.135086E+02  9.244654E+02  7.739265E+01  2.557829E+02  8.659318E+00  2.185645E+01  7.077327E-01
1.161526E+02  8.899964E+02  7.473594E+01  2.375114E+02  8.177422E+00  2.009774E+01  7.323064E-01
1.188581E+02  8.661992E+02  7.506238E+01  2.311905E+02  7.792493E+00  2.047517E+01  4.373338E-01
1.216267E+02  8.535533E+02  6.799209E+01  2.218873E+02  7.887082E+00  1.728942E+01  4.662315E-01
1.244597E+02  8.289983E+02  6.507754E+01  2.182793E+02  6.454599E+00  1.818678E+01  8.353010E-01
1.273587E+02  8.071968E+02  6.623058E+01  2.048139E+02  6.901338E+00  1.636285E+01  9.647031E-01
1.303253E+02  7.946605E+02  6.512184E+01  2.074036E+02  6.490428E+00  1.635298E+01  4.351125E-01
1.333610E+02  7.777766E+02  6.105280E+01  1.988557E+02  6.023782E+00  1.583900E+01  6.732462E-01
1.364674E+02  7.581677E+02  6.336821E+01  1.898969E+02  5.852037E+00  1.527070E+01  6.925487E-01
1.396461E+02  7.404021E+02  5.759435E+01  1.803630E+02  6.361773E+00  1.499077E+01  5.752667E-01
1.428989E+02  7.232178E+02  5.654790E+01  1.751001E+02  5.621721E+00  1.408737E+01  4.298963E-01
1.462274E+02  7.073371E+02  5.558387E+01  1.678504E+02  5.590703E+00  1.454229E+01  7.109565E-01
1.496335E+02  6.892150E+02  5.441337E+01  1.654192E+02  4.768670E+00  1.405337E+01  5.368702E-01
1.531189E+02  6.769522E+02  5.567457E+01  1.511299E+02  5.524251E+00  1.345572E+01  7.406816E-01
1.566855E+02  6.583761E+02  5.021513E+01  1.523645E+02  4.795319E+00  1.127955E+01  3.015924E-01
1.603352E+02  6.388803E+02  5.125307E+01  1.420291E+02  4.656691E+00  1.187751E+01  2.357818E-01
1.640699E+02  6.301844E+02  4.749425E+01  1.403802E+02  3.859447E+00  1.157834E+01  2.016129E-01
1.678915E+02  6.199772E+02  4.801748E+01  1.306830E+02  5.066323E+00  9.682305E+00  3.377548E-01
1.718022E+02  6.059198E+02  4.502659E+01  1.283684E+02  4.015810E+00  1.124977E+01  5.501110E-01
1.758040E+02  5.828271E+02  4.424357E+01  1.233767E+02  3.440569E+00  9.999155E+00  3.225534E-01
1.798990E+02  5.743935E+02  4.399822E+01  1.177314E+02  3.729999E+00  8.825912E+00  3.940139E-01
1.840894E+02  5.575966E+02  4.258599E+01  1.134343E+02  3.722103E+00  9.395100E+00  2.310271E-01
1.883774E+02  5.454310E+02  4.043760E+01  1.048317E+02  3.185841E+00  7.851718E+00  2.759390E-01
1.927653E+02  5.310788E+02  3.848753E+01  1.040879E+02  3.039779E+00  7.207218E+00  4.902870E-02
1.972553E+02  5.182234E+02  3.816244E+01  9.987395E+01  3.377843E+00  7.258769E+00  1.676943E-01
2.018500E+02  5.082298E+02  3.652119E+01  9.118592E+01  2.996611E+00  7.116950E+00  3.745763E-01
2.065517E+02  4.868464E+02  3.550684E+01  9.107780E+01  3.042790E+00  6.611777E+00  2.059031E-01
2.113629E+02  4.790957E+02  3.572705E+01  8.462257E+01  2.638167E+00  6.662491E+00  2.235735E-01
2.162862E+02  4.722321E+02  3.320962E+01  8.014006E+01  2.774751E+00  5.287321E+00  1.529390E-01
2.213241E+02  4.604793E+02  3.375610E+01  7.526264E+01  2.412675E+00  5.337776E+00  2.348621E-01
2.264794E+02  4.504148E+02  3.196532E+01  7.367465E+01  1.982184E+00  5.258004E+00  1.251906E-01
2.317548E+02  4.395912E+02  3.023859E+01  6.906143E+01  2.385647E+00  5.505339E+00  1.223409E-01
2.371531E+02  4.308800E+02  3.008827E+01  6.635361E+01  2.411047E+00  4.842020E+00  1.992601E-01
2.426771E+02  4.157755E+02  2.811820E+01  5.983880E+01  1.869354E+00  4.653913E+00  1.363071E-01
2.483298E+02  4.075672E+02  2.829641E+01  5.459475E+01  1.826802E+00  3.881955E+00  1.712627E-01
2.541141E+02  3.971183E+02  2.573691E+01  5.340781E+01  1.748027E+00  3.719207E+00  1.859603E-02
2.600332E+02  3.906230E+02  2.636864E+01  5.017493E+01  1.435646E+00  3.452820E+00  3.634547E-02
2.660901E+02  3.766167E+02  2.464960E+01  4.757656E+01  1.491762E+00  2.859211E+00  1.243135E-01
2.722882E+02  3.670026E+02  2.495624E+01  4.611178E+01  1.266903E+00  2.985031E+00  8.677415E-02
2.786306E+02  3.601410E+02  2.340450E+01  4.051693E+01  1.221105E+00  2.730525E+00  5.087935E-02
2.851207E+02  3.508328E+02  2.192705E+01  3.780469E+01  1.044145E+00  2.138012E+00  9.944240E-02
2.917620E+02  3.386196E+02  2.186523E+01  3.470903E+01  8.746093E-01  2.121737E+00  8.098234E-02
2.985580E+02  3.326052E+02  2.071858E+01  3.217790E+01  9.813231E-01  2.041785E+00  9.496675E-02
3.055124E+02  3.249105E+02  1.967467E+01  2.867676E+01  8.971154E-01  1.778763E+00  4.640252E-02
3.126287E+02  3.178925E+02  1.889428E+01  2.731357E+01  8.918100E-01  1.602235E+00  3.023085E-02
3.199107E+02  3.114836E+02  1.808014E+01  2.421025E+01  7.090250E-01  1.299879E+00  5.908542E-02
3.273624E+02  3.039314E+02  1.688909E+01  2.403447E+01  7.361910E-01  1.457947E+00  2.887024E-02
3.349876E+02  2.964770E+02  1.740746E+01  2.049679E+01  4.796222E-01  1.184949E+00  5.642614E-02
3.427905E+02  2.868610E+02  1.640466E+01  1.870683E+01  6.479152E-01  9.098384E-01  2.757086E-02
3.507751E+02  2.815572E+02  1.631415E+01  1.674524E+01  4.176207E-01  8.487131E-01  2.694327E-02
3.589457E+02  2.764910E+02  1.506074E+01  1.575849E+01  3.817845E-01  1.119024E+00  0.000000E+00
3.673066E+02  2.693868E+02  1.491090E+01  1.354717E+01  3.730941E-01  7.847841E-01  0.000000E+00
3.758623E+02  2.619598E+02  1.385485E+01  1.254732E+01  3.394565E-01  6.160506E-01  1.257246E-02
3.846173E+02  2.529990E+02  1.335518E+01  1.093479E+01  3.931609E-01  6.388865E-01  0.000000E+00
3.935762E+02  2.462555E+02  1.259493E+01  1.036170E+01  2.041123E-01  5.042775E-01  4.802643E-02
4.027437E+02  2.407322E+02  1.222610E+01  8.929045E+00  1.877329E-01  4.458656E-01  2.346661E-02
4.121248E+02  2.343466E+02  1.127130E+01  8.014889E+00  1.834595E-01  3.554529E-01  1.146622E-02
4.217245E+02  2.301888E+02  9.894208E+00  7.025672E+00  2.128992E-01  3.361566E-01  0.000000E+00
4.315477E+02  2.191564E+02  1.123486E+01  6.252540E+00  1.971028E-01  3.175545E-01  1.095016E-02
4.415997E+02  2.167574E+02  9.588007E+00  5.307647E+00  2.354198E-01  2.782234E-01  0.000000E+00
4.518859E+02  2.109346E+02  9.066495E+00  4.862653E+00  1.150305E-01  2.718903E-01  0.000000E+00
4.624117E+02  2.060003E+02  9.013406E+00  4.077493E+00  5.109640E-02  1.430699E-01  2.043856E-02
4.731826E+02  2.006320E+02  8.878142E+00  3.904785E+00  1.098533E-01  1.797599E-01  0.000000E+00
4.842045E+02  1.932837E+02  8.139288E+00  3.113229E+00  1.073527E-01  1.268714E-01  0.000000E+00
4.954830E+02  1.912397E+02  7.524841E+00  2.737173E+00  8.583469E-02  3.814875E-02  9.537188E-03
5.070243E+02  1.854140E+02  7.661118E+00  2.367304E+00  4.660047E-02  1.025210E-01  0.000000E+00
5.188344E+02  1.792352E+02  6.894713E+00  2.067503E+00  6.375561E-02  7.286355E-02  9.107944E-03
5.309196E+02  1.738914E+02  6.230435E+00  1.762323E+00  2.670186E-02  3.560249E-02  0.000000E+00
5.432863E+02  1.701854E+02  6.062519E+00  1.348193E+00  5.218811E-02  4.349009E-02  0.000000E+00
5.559411E+02  1.679945E+02  4.972516E+00  1.266504E+00  2.550008E-02  4.250014E-02  0.000000E+00
5.688906E+02  1.625258E+02  5.133444E+00  8.888001E-01  1.661309E-02  3.322617E-02  0.000000E+00
5.821418E+02  1.567726E+02  4.610719E+00  8.523337E-01  3.246985E-02  3.246985E-02  0.000000E+00
5.957016E+02  1.557028E+02  4.362978E+00  6.980765E-01  2.379806E-02  2.379806E-02  0.000000E+00
6.095773E+02  1.500190E+02  3.914819E+00  5.348961E-01  7.752117E-03  7.752117E-03  0.000000E+00
6.237762E+02  1.453238E+02  3.545408E+00  3.560559E-01  1.515132E-02  1.515132E-02  0.000000E+00
6.383058E+02  1.423934E+02  3.346253E+00  2.887254E-01  7.403215E-03  5.182250E-02  0.000000E+00
6.531738E+02  1.361136E+02  2.879409E+00  2.821532E-01  0.000000E+00  1.446939E-02  0.000000E+00
6.683882E+02  1.317851E+02  3.004756E+00  2.333105E-01  0.000000E+00  7.070015E-03  0.000000E+00
6.839570E+02  1.292827E+02  2.770542E+00  1.865452E-01  6.909082E-03  0.000000E+00  0.000000E+00
6.998884E+02  1.253339E+02  2.383390E+00  1.552917E-01  6.751812E-03  6.751812E-03  0.000000E+00
7.161909E+02  1.223688E+02  1.926652E+00  1.187662E-01  0.000000E+00  6.598122E-03  0.000000E+00
7.328731E+02  1.185323E+02  1.837660E+00  6.447930E-02  0.000000E+00  0.000000E+00  0.000000E+00
7.499439E+02  1.149835E+02  1.902950E+00  6.301158E-02  6.301158E-03  0.000000E+00  0.000000E+00
7.674123E+02  1.125879E+02  1.434750E+00  4.310408E-02  0.000000E+00  0.000000E+00  0.000000E+00
7.852877E+02  1.081115E+02  1.287758E+00  5.415803E-02  0.000000E+00  0.000000E+00  0.000000E+00
8.035794E+02  1.052389E+02  1.287848E+00  4.116408E-02  0.000000E+00  0.000000E+00  0.000000E+00
8.222971E+02  1.012688E+02  9.539562E-01  1.724017E-02  0.000000E+00  0.000000E+00  0.000000E+00
8.414509E+02  9.873336E+01  9.996324E-01  1.684774E-02  0.000000E+00  0.000000E+00  0.000000E+00
8.610508E+02  9.573953E+01  9.165092E-01  1.646424E-02  0.000000E+00  5.488079E-03  0.000000E+00
8.811073E+02  9.291130E+01  9.170995E-01  4.290524E-02  0.000000E+00  0.000000E+00  0.000000E+00
9.016309E+02  9.057101E+01  5.555539E-01  1.572322E-02  0.000000E+00  0.000000E+00  0.000000E+00
9.226326E+02  8.602530E+01  5.736386E-01  5.121773E-03  0.000000E+00  5.121773E-03  0.000000E+00
9.441234E+02  8.498308E+01  5.055239E-01  0.000000E+00  0.000000E+00  0.000000E+00  0.000000E+00
9.661149E+02  8.160570E+01  4.451042E-01  0.000000E+00  0.000000E+00  0.000000E+00  0.000000E+00
9.886186E+02  7.883517E+01  3.584938E-01  4.779917E-03  0.000000E+00  0.000000E+00  0.000000E+00
